   0.0000000e+00
  -1.0469613e+00
  -2.8562600e+00
  -1.2657795e+00
  -1.3705315e+00
   9.1032593e-01
   1.3751273e+00
  -2.2220687e+00
  -2.2538618e+00
  -1.3486673e+00
   5.3685075e-01
   8.2369541e-01
  -1.2851489e+00
  -1.3733501e+00
  -1.3940844e+00
  -1.1466388e+00
  -1.0700313e+00
  -1.5173869e+00
   1.2486830e+00
  -1.7025461e+00
  -2.6230321e+00
  -2.9490501e+00
  -1.4026687e+00
  -3.0779925e+00
  -7.3349906e-01
  -9.6022849e-01
  -1.6291298e+00
  -1.1018453e+00
  -1.0967954e+00
   1.2519886e+00
