   3.0619819e+00
  -1.0360644e+00
   2.4329950e+00
   3.0292133e+00
   1.0745875e+00
   9.2077374e-01
   4.5876408e-01
   2.4915382e+00
   2.8061226e+00
   2.9945756e+00
   6.5062389e-01
   8.0915180e-01
   2.4812314e+00
   2.2745337e+00
   1.9126001e+00
   2.9750689e+00
  -3.3433066e-01
   6.5812171e-02
   8.7366847e-02
  -3.0658588e+00
   2.5123462e+00
   2.5916984e+00
   1.3018493e+00
   2.9551993e+00
  -5.8381666e-01
  -7.3804143e-01
  -1.1055678e+00
  -4.1125047e-01
   2.9029726e+00
   0.0000000e+00
