  -2.7140000e+00  -1.5840000e+00  -6.6140000e+00
  -2.5670000e+00  -1.0790000e+00  -5.0560000e+00
  -2.1990000e+00  -4.4000000e-02  -6.2920000e+00
  -2.8200000e+00  -7.9400000e-01  -5.9980000e+00
  -4.1780000e+00  -2.1500000e-01  -6.0740000e+00
  -4.6860000e+00  -6.3500000e-01  -6.9430000e+00
  -4.0530000e+00   1.2860000e+00  -6.3270000e+00
  -5.1730000e+00   2.0050000e+00  -6.4520000e+00
  -6.0620000e+00   1.5350000e+00  -6.3710000e+00
  -5.1960000e+00   3.4280000e+00  -6.7740000e+00
  -4.5700000e+00   4.2810000e+00  -5.6700000e+00
  -4.6540000e+00   3.5930000e+00  -7.7060000e+00
  -5.1200000e+00   4.2130000e+00  -4.4550000e+00
  -5.9200000e+00   3.6190000e+00  -4.2840000e+00
  -4.5710000e+00   4.8200000e+00  -3.2540000e+00
  -5.2840000e+00   4.1820000e+00  -2.0620000e+00
  -3.5250000e+00   4.5600000e+00  -3.1950000e+00
  -4.5960000e+00   4.0510000e+00  -9.2500000e-01
  -3.6400000e+00   4.3900000e+00  -9.1400000e-01
  -5.1470000e+00   3.3880000e+00   2.5800000e-01
  -6.3490000e+00   4.1330000e+00   8.2100000e-01
  -5.5050000e+00   2.3970000e+00  -3.0000000e-02
  -6.9810000e+00   3.4850000e+00   1.7880000e+00
  -6.5270000e+00   2.6370000e+00   2.1100000e+00
  -8.0990000e+00   4.0070000e+00   2.5490000e+00
  -7.5060000e+00   4.8430000e+00   3.6750000e+00
  -8.6980000e+00   4.6570000e+00   1.9070000e+00
  -6.9450000e+00   5.9660000e+00   3.2390000e+00
  -6.9390000e+00   6.0340000e+00   2.2310000e+00
  -6.1780000e+00   6.9120000e+00   4.0370000e+00
  -5.1210000e+00   6.1800000e+00   4.8770000e+00
  -5.6590000e+00   7.5700000e+00   3.3460000e+00
  -4.3200000e+00   5.3440000e+00   4.2100000e+00
  -4.4060000e+00   5.2930000e+00   3.2130000e+00
  -3.2080000e+00   4.6330000e+00   4.8130000e+00
  -3.6200000e+00   3.3420000e+00   5.5240000e+00
  -2.4980000e+00   4.3820000e+00   4.0260000e+00
  -4.7060000e+00   2.7020000e+00   5.0750000e+00
  -5.2550000e+00   3.0710000e+00   4.3300000e+00
  -5.1540000e+00   1.3810000e+00   5.4450000e+00
  -5.5470000e+00   6.8300000e-01   4.1470000e+00
  -4.3910000e+00   8.7700000e-01   6.0220000e+00
  -5.2340000e+00  -6.0000000e-01   4.0160000e+00
  -4.7420000e+00  -1.0180000e+00   4.7840000e+00
  -5.7480000e+00  -1.4690000e+00   2.9560000e+00
  -6.3530000e+00  -2.7280000e+00   3.5870000e+00
  -6.5530000e+00  -9.4500000e-01   2.4420000e+00
  -7.1550000e+00  -3.4990000e+00   2.8350000e+00
  -6.5790000e+00  -3.5050000e+00   8.1800000e-01
  -7.7780000e+00  -4.7120000e+00   3.3250000e+00
  -6.7900000e+00  -5.8730000e+00   3.2270000e+00
  -8.1070000e+00  -4.6040000e+00   4.3600000e+00
  -7.1860000e+00  -7.0210000e+00   3.7810000e+00
  -8.1100000e+00  -7.0210000e+00   4.1880000e+00
  -6.4230000e+00  -8.2690000e+00   3.8390000e+00
  -4.9240000e+00  -8.0760000e+00   4.0730000e+00
  -6.7500000e+00  -8.7450000e+00   4.7590000e+00
  -4.6410000e+00  -7.1490000e+00   4.9780000e+00
  -5.4550000e+00  -6.6870000e+00   5.3460000e+00
  -3.3170000e+00  -6.6960000e+00   5.3550000e+00
  -2.4230000e+00  -6.4710000e+00   4.1380000e+00
  -3.4090000e+00  -5.7540000e+00   5.8960000e+00
  -2.9360000e+00  -5.8000000e+00   3.1030000e+00
  -3.9140000e+00  -5.5210000e+00   3.1450000e+00
  -2.0880000e+00  -5.3220000e+00   2.0180000e+00
  -1.3650000e+00  -4.0660000e+00   2.4980000e+00
  -1.3230000e+00  -6.0560000e+00   1.8110000e+00
  -9.6000000e-02  -3.8980000e+00   2.1150000e+00
   3.0500000e-01  -4.4690000e+00   1.3850000e+00
   7.1200000e-01  -2.8270000e+00   2.6740000e+00
   4.1700000e-01  -1.5640000e+00   1.8920000e+00
   4.9500000e-01  -2.6910000e+00   3.7350000e+00
   2.1400000e-01  -4.4700000e-01   2.5910000e+00
   2.2800000e-01  -4.8200000e-01   3.5990000e+00
   2.2300000e-01   8.5700000e-01   1.9530000e+00
   1.6800000e+00   1.2080000e+00   1.6840000e+00
  -3.1500000e-01   7.7500000e-01   1.0160000e+00
   2.0330000e+00   1.3430000e+00   4.0800000e-01
   1.3090000e+00   1.2200000e+00  -2.8400000e-01
   3.3570000e+00   1.7500000e+00  -1.5000000e-02
   3.7460000e+00   3.0810000e+00   6.3800000e-01
   4.0140000e+00   9.0100000e-01   2.0400000e-01
   5.0380000e+00   3.4090000e+00   5.8700000e-01
   5.7080000e+00   2.7210000e+00   2.7800000e-01
   5.5040000e+00   4.7530000e+00   9.0900000e-01
   4.8140000e+00   5.8260000e+00   4.0000000e-02
   5.2560000e+00   4.9660000e+00   1.9320000e+00
   4.2570000e+00   5.4420000e+00  -1.1180000e+00
   4.3650000e+00   4.5350000e+00  -1.5260000e+00
   3.6060000e+00   6.2730000e+00  -2.0820000e+00
   2.0980000e+00   6.3780000e+00  -1.8240000e+00
   4.0520000e+00   7.2470000e+00  -2.1590000e+00
   1.5990000e+00   5.7550000e+00  -7.5200000e-01
   2.2060000e+00   5.2960000e+00  -9.7000000e-02
   2.0600000e-01   5.7750000e+00  -3.8000000e-01
  -6.9900000e-01   4.9590000e+00  -1.3090000e+00
   1.1600000e-01   5.3630000e+00   6.2500000e-01
  -1.1200000e-01   4.1770000e+00  -2.2230000e+00
   8.9900000e-01   4.1650000e+00  -2.2710000e+00
  -8.2600000e-01   3.1480000e+00  -2.9740000e+00
  -6.7100000e-01   1.8710000e+00  -2.1630000e+00
  -1.8860000e+00   3.3510000e+00  -3.0420000e+00
  -1.1130000e+00   7.1700000e-01  -2.6610000e+00
  -1.4340000e+00   6.7300000e-01  -3.6140000e+00
  -1.1150000e+00  -4.8700000e-01  -1.8340000e+00
  -1.0770000e+00  -1.7760000e+00  -2.6320000e+00
  -1.9000000e-01  -4.6600000e-01  -1.2670000e+00
  -4.9900000e-01  -2.8040000e+00  -2.0080000e+00
  -1.0800000e-01  -2.6780000e+00  -1.0760000e+00
  -3.9600000e-01  -4.1500000e+00  -2.5080000e+00
   4.6900000e-01  -4.9200000e+00  -1.5170000e+00
  -1.3970000e+00  -4.5760000e+00  -2.5440000e+00
   2.0500000e-01  -6.2130000e+00  -1.3750000e+00
  -5.5900000e-01  -6.5920000e+00  -1.9120000e+00
   8.0800000e-01  -7.0310000e+00  -3.3500000e-01
   2.1960000e+00  -7.5000000e+00  -7.7100000e-01
   9.2900000e-01  -6.4310000e+00   5.6700000e-01
   3.1430000e+00  -6.5660000e+00  -9.1400000e-01
   2.9110000e+00  -5.5900000e+00  -7.7200000e-01
   4.5160000e+00  -6.9480000e+00  -1.1860000e+00
   5.5200000e+00  -5.7910000e+00  -1.1560000e+00
   4.7700000e+00  -7.6680000e+00  -4.1100000e-01
   6.8280000e+00  -6.1220000e+00  -1.0950000e+00
   7.2650000e+00  -7.9620000e+00  -1.9970000e+00
   7.9460000e+00  -5.1840000e+00  -1.0350000e+00
   7.9130000e+00  -4.0700000e+00  -2.0810000e+00
   7.9570000e+00  -4.7420000e+00  -3.9000000e-02
   7.3300000e+00  -4.3280000e+00  -3.2570000e+00
   6.9330000e+00  -5.2410000e+00  -3.4090000e+00
   7.1330000e+00  -3.3070000e+00  -4.2790000e+00
   6.5190000e+00  -2.0550000e+00  -3.6480000e+00
   8.1060000e+00  -3.0290000e+00  -4.6880000e+00
   5.5160000e+00  -2.2350000e+00  -2.7890000e+00
   5.1930000e+00  -3.1640000e+00  -2.5470000e+00
   4.8960000e+00  -1.1580000e+00  -2.0610000e+00
   5.5990000e+00  -1.0250000e+00  -7.1400000e-01
   4.9660000e+00  -2.2400000e-01  -2.6200000e+00
   5.5200000e+00  -2.1160000e+00   4.6000000e-02
   4.9930000e+00  -2.8750000e+00  -3.6900000e-01
   5.8300000e+00  -2.2090000e+00   1.4660000e+00
   7.2750000e+00  -1.8690000e+00   1.8090000e+00
   5.1910000e+00  -1.4940000e+00   1.9800000e+00
   8.1940000e+00  -2.0710000e+00   8.6400000e-01
   7.9290000e+00  -2.4400000e+00  -3.1000000e-02
   9.5870000e+00  -1.7460000e+00   1.0510000e+00
   9.7710000e+00  -2.6100000e-01   1.3680000e+00
   9.9290000e+00  -2.3740000e+00   1.8620000e+00
   1.0915000e+01   7.5000000e-02   1.9720000e+00
   1.1612000e+01  -6.3900000e-01   2.1030000e+00
   1.1311000e+01   1.4120000e+00   2.3860000e+00
   1.0386000e+01   1.9900000e+00   3.4650000e+00
   1.2298000e+01   1.3180000e+00   2.8410000e+00
