2	1	1.6987401213840803	1.6987401213840803
3	1	1.6961043599967545	1.6961043599967545
3	2	1.6990703340356463	1.6990703340356463
4	1	1.0389124120925688	1.0389124120925688
4	2	1.0408270749745134	1.0408270749745134
4	3	1.0388710218309103	1.0388710218309103
5	1	2.0819786262111335	2.0819786262111335
5	2	2.0825947757545156	2.0825947757545156
5	3	2.0816140372316863	2.0816140372316863
5	4	1.4909969818882938	1.4909969818882938
6	1	2.4295671411759159	2.9295671411759159
6	2	2.0660724734773375	2.5660724734773375
6	3	2.6455606917068550	3.1455606917068550
6	4	2.1129926644453834	2.1129926644453834
6	5	1.0814776927888983	1.0814776927888983
7	4	2.4665240724550004	2.4665240724550004
7	5	1.5287344439110409	1.5287344439110409
7	6	2.1479387793882760	2.1479387793882760
8	4	3.6426437382751709	3.6713675751151627
8	5	2.4244795317758405	2.4244795317758405
8	7	1.3048869682849926	1.3048869682849926
9	1	4.4207949525518639	4.9207949525518639
9	2	4.2019802338116579	4.7019802338116579
9	3	3.9777092927327180	4.4777092927327180
9	5	2.5506755967782335	2.5506755967782335
9	6	2.4211863707572996	2.9211863707572996
9	7	1.9850564223719183	1.9850564223719183
9	8	0.9791644397137799	0.9791644397137799
10	5	3.8202154389510548	3.8202154389510548
10	7	2.4220844328800761	2.4220844328800761
10	8	1.4903237903220896	1.4903237903220896
10	9	2.1538723267640543	2.1538723267640543
11	7	2.9616367590826411	3.3111502105539645
11	8	2.4654583752316728	2.4654583752316728
11	10	1.5271529065552014	1.5271529065552014
12	3	4.3805183899718685	4.8805183899718685
12	6	4.0848617209713254	4.5848617209713254
12	8	2.1120459275309331	2.1120459275309331
12	9	2.7534898841678745	3.2534898841678745
12	10	1.0802300680873498	1.0802300680873498
12	11	2.1449244741948372	2.1449244741948372
13	8	3.1096145919606508	3.4427394913714129
13	10	2.4198789225909629	2.4198789225909629
13	11	1.3018348589586932	1.3018348589586932
14	3	4.1130969264738040	4.6130969264738040
14	9	3.8920885290559770	4.3920885290559770
14	10	2.5442847717973711	2.5442847717973711
14	11	1.9820971217374794	1.9820971217374794
14	12	2.0740013949403617	2.5740013949403617
14	13	0.9800760174598703	0.9800760174598703
15	10	3.8148563537831932	3.8148563537831932
15	11	2.4183806565551258	2.4183806565551258
15	13	1.4890993922502287	1.4890993922502287
15	14	2.1545050475689305	2.1545050475689305
16	11	2.8692061069806432	3.2143339309139538
16	13	2.4623151707285564	2.4623151707285564
16	15	1.5342897379569480	1.5342897379569480
17	12	4.3207953397287442	4.8207953397287442
17	13	2.1085343250703792	2.1085343250703792
17	14	2.6161875959368488	3.1161875959368488
17	15	1.0781845853099550	1.0781845853099550
17	16	2.1571520576908805	2.1571520576908805
18	13	3.1473101291489698	3.4751775839946859
18	15	2.4188238877603307	2.4188238877603307
18	16	1.3098755666092867	1.3098755666092867
19	14	4.5317013997896893	5.0000000000000000
19	15	2.8232984256008073	2.8232984256008073
19	16	2.8101403879521749	2.8101403879521749
19	17	1.8357626638465954	2.3357626638465954
19	18	2.1172777333170063	2.1172777333170063
20	15	3.8186298589939294	3.8186298589939294
20	16	2.4390221401209131	2.4390221401209131
20	18	1.4738470069854603	1.4738470069854603
20	19	3.1810469974522535	3.1810469974522535
21	16	2.9729553936273598	3.3098678338472873
21	18	2.4637834726290375	2.4637834726290375
21	20	1.5297104301141440	1.5297104301141440
22	17	4.2185393873462607	4.7185393873462607
22	18	2.1107069905602720	2.1107069905602720
22	19	3.7544413356578890	4.2544413356578890
22	20	1.0776683163200076	1.0776683163200076
22	21	2.1601400417565522	2.1601400417565522
23	18	2.6503578974344477	2.7047901919258917
23	20	2.4258462440970985	2.4258462440970985
23	21	1.3051574617646715	1.3051574617646715
24	17	3.2423008608709414	3.7423008608709414
24	19	2.1743374319945796	2.6743374319945796
24	20	2.5516688656641948	2.5516688656641948
24	21	1.9854445346067968	1.9854445346067968
24	22	3.2602744785023137	3.7602744785023137
24	23	0.9797234303618547	0.9797234303618547
25	20	3.8190979301400483	3.8190979301400483
25	21	2.4197563926974142	2.4197563926974142
25	23	1.4882731604110853	1.4882731604110853
25	24	2.1533743288151275	2.1533743288151275
26	21	2.7836000896050757	3.1074812261124083
26	23	2.4545749122811467	2.4545749122811467
26	25	1.5284223892628630	1.5284223892628630
27	19	4.7511344599525991	5.0000000000000000
27	22	4.5414144304384427	5.0000000000000000
27	23	2.1115484839330589	2.1115484839330589
27	24	2.6907671859563984	3.1907671859563984
27	25	1.0800620352553827	1.0800620352553827
27	26	2.1473148348577107	2.1473148348577107
28	23	2.6687941371629771	2.9419834865773535
28	25	2.4212899454629548	2.4212899454629548
28	26	1.3053068604738123	1.3053068604738123
29	17	4.5840699766292605	5.0000000000000000
29	19	4.7083245975930614	5.0000000000000000
29	22	3.8433791585527528	4.3433791585527528
29	24	2.4122064197237214	2.9122064197237214
29	25	2.5438407969053407	2.5438407969053407
29	26	1.9848559141660638	1.9848559141660638
29	27	3.3851230254637157	3.8851230254637157
29	28	0.9798994846411543	0.9798994846411543
30	25	3.8180438708846709	3.8180438708846709
30	26	2.4235676182025543	2.4235676182025543
30	28	1.4888633248219934	1.4888633248219934
30	29	2.1523096896125335	2.1523096896125335
31	26	3.1651403058988263	3.4905249506409870
31	28	2.4577886402211235	2.4577886402211235
31	30	1.5299166643971169	1.5299166643971169
32	27	4.3287744268507531	4.8287744268507531
32	28	2.1119320538312780	2.1119320538312780
32	29	2.6747509211625626	3.1747509211625626
32	30	1.0797346896344491	1.0797346896344491
32	31	2.1472880570617443	2.1472880570617443
33	28	2.6245018880297497	2.7778260920853284
33	30	2.4235356403403689	2.4235356403403689
33	31	1.3052455707643678	1.3052455707643678
34	22	2.6677506142064540	3.1677506142064540
34	24	3.3710575024080454	3.8710575024080454
34	27	4.3809819304795603	4.8809819304795603
34	29	1.7787191064336096	2.2787191064336096
34	30	2.5466010680905637	2.5466010680905637
34	31	1.9854369796092746	1.9854369796092746
34	32	3.3326984729864146	3.8326984729864146
34	33	0.9806375477208690	0.9806375477208690
35	30	3.8207033383920299	3.8207033383920299
35	31	2.4239894801751922	2.4239894801751922
35	33	1.4896459310856387	1.4896459310856387
35	34	2.1537727363860841	2.1537727363860841
36	31	3.0384987632306752	3.3839554217596972
36	33	2.4715349481648037	2.4715349481648037
36	35	1.5290925413460104	1.5290925413460104
37	22	2.5128989797063155	3.0128989797063155
37	29	4.1208524608794352	4.6208524608794352
37	33	2.1106453989242246	2.1106453989242246
37	34	2.0876011011162827	2.5876011011162827
37	35	1.0809296924407250	1.0809296924407250
37	36	2.1471825725820337	2.1471825725820337
38	33	2.6763118785902007	2.9005565788764560
38	35	2.4304869882391884	2.4304869882391884
38	36	1.3058464687703526	1.3058464687703526
39	12	4.7849829053021420	5.0000000000000000
39	14	3.8894909966783757	4.3894909966783757
39	22	3.7229119893793143	4.2229119893793143
39	29	3.3361893581649364	3.8361893581649364
39	34	2.1014677679305453	2.6014677679305453
39	35	2.5608367773054184	2.5608367773054184
39	36	1.9869446393898342	1.9869446393898342
39	37	2.6592008536751925	3.1592008536751925
39	38	0.9798152887151742	0.9798152887151742
40	35	3.8222792938245633	3.8222792938245633
40	36	2.4195311529302530	2.4195311529302530
40	38	1.4898281780124847	1.4898281780124847
40	39	2.1558891437177374	2.1558891437177374
41	36	3.5855151779473533	3.7000812074713405
41	38	2.4734922680291525	2.4734922680291525
41	40	1.5308141624638831	1.5308141624638831
42	12	4.5749642032199027	5.0000000000000000
42	37	4.1149767025932515	4.6149767025932515
42	38	2.1104435552745775	2.1104435552745775
42	39	2.6700078233660443	3.1700078233660443
42	40	1.0796555006111905	1.0796555006111905
42	41	2.1465302234070691	2.1465302234070691
43	38	3.5995328083824214	3.6759789574062895
43	40	2.4246517275683122	2.4246517275683122
43	41	1.3057809923566817	1.3057809923566817
44	12	3.9725384613931078	4.4725384613931078
44	14	4.6855663273203181	5.0000000000000000
44	39	4.1037648547652434	4.6037648547652434
44	40	2.5470722408286735	2.5470722408286735
44	41	1.9828708984701953	1.9828708984701953
44	42	2.1633273420643691	2.6633273420643691
44	43	0.9762258959892426	0.9762258959892426
45	40	3.8228838590781176	3.8228838590781176
45	41	2.4262631761620583	2.4262631761620583
45	43	1.4895130076639143	1.4895130076639143
45	44	2.1478854718070979	2.1478854718070979
46	41	2.8116863122992029	3.1349370413435742
46	43	2.4643753772507955	2.4643753772507955
46	45	1.5303819784615866	1.5303819784615866
47	3	4.4873258207951938	4.9873258207951938
47	9	4.3946516103318531	4.8946516103318531
47	12	1.8701183342564454	2.3701183342564454
47	14	2.5070347568710831	3.0070347568710831
47	39	4.6231800301516541	5.0000000000000000
47	42	4.1122663414595930	4.6122663414595930
47	43	2.1135858156223515	2.1135858156223515
47	44	2.5301479232350292	3.0301479232350292
47	45	1.0792339876041712	1.0792339876041712
47	46	2.1489143770750849	2.1489143770750849
48	43	3.1484731417107588	3.4735381263345491
48	45	2.4275701843613091	2.4275701843613091
48	46	1.3050011494247808	1.3050011494247808
49	3	3.9026576455063449	4.4026576455063449
49	12	3.1008460365975483	3.6008460365975483
49	14	2.0364451941716566	2.5364451941716566
49	17	4.4738510549289048	4.9738510549289048
49	39	4.7168785836341121	5.0000000000000000
49	44	4.1012862346901207	4.6012862346901207
49	45	2.5536219375624110	2.5536219375624110
49	46	1.9851785813875784	1.9851785813875784
49	47	1.9805754685494881	2.4805754685494881
49	48	0.9798826460347175	0.9798826460347175
50	45	3.8243037274777221	3.8243037274777221
50	46	2.4238560188262008	2.4238560188262008
50	48	1.4912672463378254	1.4912672463378254
50	49	2.1552053266452362	2.1552053266452362
51	46	2.7353994351008382	3.0125454798177267
51	48	2.4688082145035084	2.4688082145035084
51	50	1.5296542092904524	1.5296542092904524
52	14	4.5536305942737787	5.0000000000000000
52	47	4.2596398891359586	4.7596398891359586
52	48	2.1129422613975990	2.1129422613975990
52	49	2.6188914456234409	3.1188914456234409
52	50	1.0801393428627624	1.0801393428627624
52	51	2.1476519736679869	2.1476519736679869
