  -7.2730000e+00  -8.7900000e-01   4.9330000e+00
  -7.2140000e+00  -2.3650000e+00   4.1120000e+00
  -5.7780000e+00  -1.5270000e+00   4.4620000e+00
  -6.7780000e+00  -1.4240000e+00   4.2000000e+00
  -6.8780000e+00  -7.0800000e-01   2.8960000e+00
  -7.6770000e+00  -1.1400000e+00   2.3090000e+00
  -5.5570000e+00  -8.4000000e-01   2.1380000e+00
  -5.4520000e+00  -2.1200000e-01   9.9900000e-01
  -6.2030000e+00   3.1700000e-01   6.6000000e-01
  -4.1890000e+00  -3.0200000e-01   2.1300000e-01
  -3.1970000e+00   7.4400000e-01   7.1700000e-01
  -3.7630000e+00  -1.2880000e+00   3.2800000e-01
  -2.2870000e+00   3.4900000e-01   1.5600000e+00
  -2.2590000e+00  -5.8800000e-01   1.8460000e+00
  -1.2870000e+00   1.3200000e+00   2.0840000e+00
  -3.0100000e-01   1.6770000e+00   9.6400000e-01
  -1.7950000e+00   2.2070000e+00   2.4270000e+00
  -3.1100000e-01   2.9220000e+00   5.5700000e-01
  -9.7700000e-01   4.1250000e+00   2.1670000e+00
   5.7900000e-01   3.4070000e+00  -5.1300000e-01
   2.0020000e+00   3.5800000e+00   2.1000000e-02
   5.6700000e-01   2.7320000e+00  -1.3530000e+00
   2.1680000e+00   3.5420000e+00   1.3150000e+00
   1.3970000e+00   3.4060000e+00   1.9040000e+00
   3.5310000e+00   3.6940000e+00   1.8930000e+00
   4.4200000e+00   2.5670000e+00   1.3680000e+00
   3.9440000e+00   4.6480000e+00   1.6000000e+00
   3.8810000e+00   1.3830000e+00   1.2610000e+00
   2.9440000e+00   1.2480000e+00   1.5140000e+00
   4.6840000e+00   2.3900000e-01   7.4800000e-01
   4.2180000e+00  -1.0100000e-01  -6.6900000e-01
   5.7290000e+00   5.1000000e-01   7.2900000e-01
   3.0140000e+00   2.7200000e-01  -1.0080000e+00
   2.4500000e+00   7.4900000e-01  -3.6300000e-01
   2.4980000e+00  -1.8000000e-02  -2.3750000e+00
   1.7800000e+00  -1.3680000e+00  -2.3850000e+00
   1.8080000e+00   7.6000000e-01  -2.6700000e+00
   1.1270000e+00  -1.7190000e+00  -1.3100000e+00
   1.1080000e+00  -1.1250000e+00  -5.3100000e-01
   4.1100000e-01  -3.0250000e+00  -1.2740000e+00
  -6.4100000e-01  -3.0130000e+00  -1.6200000e-01
  -7.3000000e-02  -3.1950000e+00  -2.2240000e+00
  -1.5450000e+00  -3.9550000e+00  -1.8400000e-01
  -1.5320000e+00  -4.6270000e+00  -8.9200000e-01
  -2.5980000e+00  -4.0110000e+00   8.6800000e-01
  -1.9600000e+00  -4.3950000e+00   2.2050000e+00
  -3.0750000e+00  -3.0470000e+00   9.5700000e-01
  -1.8440000e+00  -3.4610000e+00   3.1090000e+00
  -2.1590000e+00  -2.5530000e+00   2.9180000e+00
  -1.2290000e+00  -3.7740000e+00   4.4310000e+00
  -1.8770000e+00  -5.0310000e+00   5.0140000e+00
  -1.6900000e-01  -3.9390000e+00   4.3050000e+00
