2	1	1.6965547441800988	1.6965547441800988
3	1	1.6990002942907334	1.6990002942907334
3	2	1.6993451679985445	1.6993451679985445
4	1	1.0399966346099387	1.0399966346099387
4	2	1.0393945352944669	1.0393945352944669
4	3	1.0408703089242191	1.0408703089242191
5	1	2.0830674497000805	2.0830674497000805
5	2	2.0838440440685582	2.0838440440685582
5	3	2.0826367902253136	2.0826367902253136
5	4	1.4910516422981470	1.4910516422981470
6	1	2.2081508111685233	2.7081508111685233
6	2	2.7295024264348813	3.2295024264348813
6	3	2.3630564627074140	2.8630564627074140
6	4	2.1217393807911482	2.1217393807911482
6	5	1.0779318160254852	1.0779318160254852
7	4	2.4802366822543371	2.4802366822543371
7	5	1.5317013416459491	1.5317013416459491
7	6	2.1619495831309297	2.1619495831309297
8	4	3.2574536299778414	3.5506985378338443
8	5	2.4024025474511963	2.4024025474511963
8	7	1.3070130068212784	1.3070130068212784
9	1	4.3346278550152757	4.8346278550152757
9	2	4.5527208039416909	5.0000000000000000
9	3	4.1612656977385942	4.6612656977385942
9	5	2.8302312626356172	2.8302312626356172
9	6	1.8556384637607737	2.3556384637607737
9	7	2.8238335645005712	2.8238335645005712
9	8	2.1073896175126232	2.1073896175126232
10	5	3.8037326404467495	3.8037326404467495
10	7	2.4263439574800603	2.4263439574800603
10	8	1.4814621156141663	1.4814621156141663
10	9	3.1820963216093885	3.1820963216093885
11	7	3.0302002393940701	3.3733978336860231
11	8	2.4728982995667268	2.4728982995667268
11	10	1.5310773984354951	1.5310773984354951
12	2	4.6672744603697174	5.0000000000000000
12	3	4.1750001124068037	4.6750001124068037
12	6	4.1898944063394543	4.6898944063394543
12	8	2.1192191958360516	2.1192191958360516
12	9	3.8700825178232368	4.3700825178232368
12	10	1.0774729694985392	1.0774729694985392
12	11	2.1631148836804774	2.1631148836804774
13	8	3.5765335072338429	3.6727557389110266
13	10	2.4255376723522555	2.4255376723522555
13	11	1.3042043551529787	1.3042043551529787
14	10	2.5495429002078001	2.5495429002078001
14	11	1.9841161760340544	1.9841161760340544
14	12	2.1408037488092080	2.6408037488092080
14	13	0.9798193711087771	0.9798193711087771
15	10	3.8228945839507520	3.8228945839507520
15	11	2.4231081280041944	2.4231081280041944
15	13	1.4909936284236762	1.4909936284236762
15	14	2.1550679803662800	2.1550679803662800
16	11	3.0098329228885592	3.3575548923085914
16	13	2.4648669335280555	2.4648669335280555
16	15	1.5257322832004303	1.5257322832004303
17	12	4.3626621950375899	4.8626621950375899
17	13	2.1052854913289081	2.1052854913289081
17	14	2.1634537543454897	2.6634537543454897
17	15	1.0746110924422851	1.0746110924422851
17	16	2.1375429820239873	2.1375429820239873
18	13	2.6286828174467156	2.7897541578574176
18	15	2.4114754819404638	2.4114754819404638
18	16	1.2981559998705847	1.2981559998705847
19	12	2.9169284091602390	3.4169284091602390
19	14	2.5519085094065157	3.0519085094065157
19	15	2.5270880475361346	2.5270880475361346
19	16	1.9720245941671211	1.9720245941671211
19	17	3.1871751774617523	3.6871751774617523
19	18	0.9751153777887006	0.9751153777887006
20	15	3.8071197774695760	3.8071197774695760
20	16	2.4152776237940019	2.4152776237940019
20	18	1.4868628046998826	1.4868628046998826
20	19	2.1495955433522838	2.1495955433522838
21	16	3.2949099430273483	3.5794782249898183
21	18	2.4711995063126739	2.4711995063126739
21	20	1.5328972568309984	1.5328972568309984
22	17	4.3114078009079950	4.8114078009079950
22	18	2.1063157408138031	2.1063157408138031
22	19	2.7212153811489559	3.2212153811489559
22	20	1.0798124837211316	1.0798124837211316
22	21	2.1474182173018828	2.1474182173018828
23	18	2.8138579866000399	3.1469546552328804
23	20	2.4285123018012484	2.4285123018012484
23	21	1.3049881225513131	1.3049881225513131
24	14	3.7427622562269636	4.2427622562269640
24	17	4.0307861866538941	4.5307861866538941
24	19	3.0101359534719241	3.5101359534719241
24	20	2.5520791523775275	2.5520791523775275
24	21	1.9818622555566279	1.9818622555566279
24	22	2.3610728227256788	2.8610728227256788
24	23	0.9756659264317894	0.9756659264317894
25	20	3.8259342649867887	3.8259342649867887
25	21	2.4259091079428350	2.4259091079428350
25	23	1.4887125310146354	1.4887125310146354
25	24	2.1456441923114857	2.1456441923114857
26	21	2.9442418645896407	3.2923729284039562
26	23	2.4683291919839219	2.4683291919839219
26	25	1.5340984323047850	1.5340984323047850
27	19	4.5165760320502013	5.0000000000000000
27	22	4.4076986030569119	4.9076986030569119
27	23	2.1102106529917819	2.1102106529917819
27	24	2.6611005652583315	3.1611005652583315
27	25	1.0803342075487565	1.0803342075487565
27	26	2.1496339223225895	2.1496339223225895
28	23	2.7335130484638230	3.0373834694743769
28	25	2.4273479355049203	2.4273479355049203
28	26	1.3037400047555494	1.3037400047555494
29	22	3.3692124550578106	3.8692124550578106
29	24	3.0733030369320131	3.5733030369320131
29	25	2.5494283673011879	2.5494283673011879
29	26	1.9813699805942353	1.9813699805942353
29	27	2.4540821303586791	2.9540821303586791
29	28	0.9769242549962613	0.9769242549962613
30	25	3.8239061180944280	3.8239061180944280
30	26	2.4223534011370016	2.4223534011370016
30	28	1.4887263012387464	1.4887263012387464
30	29	2.1492089242323549	2.1492089242323549
31	26	3.4841533224482890	3.6662462467248802
31	28	2.4522455015760563	2.4522455015760563
31	30	1.5249990163931255	1.5249990163931255
32	27	4.0556071789233235	4.5556071789233235
32	28	2.1086500420885397	2.1086500420885397
32	29	2.7371749752909791	3.2371749752909791
32	30	1.0778919240814457	1.0778919240814457
32	31	2.1396927349505117	2.1396927349505117
33	28	2.6279944244130875	2.8659362548736875
33	30	2.4086039525002860	2.4086039525002860
33	31	1.3002688183602653	1.3002688183602653
34	27	3.4280326603465574	3.9280326603465574
34	29	1.8827915015693768	2.3827915015693768
34	30	2.5224163018819867	2.5224163018819867
34	31	1.9769314606227499	1.9769314606227499
34	32	2.6415160229420018	3.1415160229420018
34	33	0.9796739253445506	0.9796739253445506
35	30	3.8074874917719694	3.8074874917719694
35	31	2.4203757972678543	2.4203757972678543
35	33	1.4875496630364984	1.4875496630364984
35	34	2.1523728766178043	2.1523728766178043
36	31	3.6379553183063256	3.6871513087662788
36	33	2.4592279276228139	2.4592279276228139
36	35	1.5292776072381367	1.5292776072381367
37	29	4.3267254540047162	4.8267254540047162
37	32	4.1722723826847190	4.6722723826847190
37	33	2.1081389897252980	2.1081389897252980
37	34	2.6661195944291562	3.1661195944291562
37	35	1.0801157345395909	1.0801157345395909
37	36	2.1452179376464291	2.1452179376464291
38	33	2.7851841241627397	3.1214387272767685
38	35	2.4186824925979842	2.4186824925979842
38	36	1.3026238904610949	1.3026238904610949
39	32	4.4438716339122486	4.9438716339122486
39	34	2.5863370546038786	3.0863370546038786
39	35	2.5332684421513645	2.5332684421513645
39	36	1.9758448825755526	1.9758448825755526
39	37	2.2800597718343472	2.7800597718343472
39	38	0.9757940356448177	0.9757940356448177
40	35	3.8207916718920956	3.8207916718920956
40	36	2.4279808483593923	2.4279808483593923
40	38	1.4904811303736787	1.4904811303736787
40	39	2.1494371356241144	2.1494371356241144
41	36	3.0226471679968259	3.3679692214798722
41	38	2.4690583225189315	2.4690583225189315
41	40	1.5309092069747314	1.5309092069747314
42	34	3.9747118697693367	4.4747118697693367
42	37	4.3680533108148794	4.8680533108148794
42	38	2.1129682912907142	2.1129682912907142
42	39	2.5978129733379767	3.0978129733379767
42	40	1.0802282166283197	1.0802282166283197
42	41	2.1498990673982816	2.1498990673982816
43	38	2.7443006404555295	3.0554711780510146
43	40	2.4229333461736009	2.4229333461736009
43	41	1.3030905570987763	1.3030905570987763
44	34	4.6590904762492205	5.0000000000000000
44	37	3.3869143083043736	3.8869143083043736
44	39	3.1201356409529235	3.6201356409529235
44	40	2.5445834629659920	2.5445834629659920
44	41	1.9802610938964587	1.9802610938964587
44	42	2.4749311649098837	2.9749311649098837
44	43	0.9765177929766569	0.9765177929766569
45	40	3.8215867123486813	3.8215867123486813
45	41	2.4253465731725847	2.4253465731725847
45	43	1.4883040683946269	1.4883040683946269
45	44	2.1453647708490040	2.1453647708490040
46	41	3.0895946092216668	3.4279175481807824
46	43	2.4565695593652541	2.4565695593652541
46	45	1.5263534977193194	1.5263534977193194
47	42	4.3111520751866097	4.8111520751866097
47	43	2.1176973343705177	2.1176973343705177
47	44	2.7748355032866350	3.2748355032866350
47	45	1.0791343753212572	1.0791343753212572
47	46	2.1502464974974380	2.1502464974974380
48	43	2.6220924800568346	2.6596603974783952
48	45	2.4168121565400984	2.4168121565400984
48	46	1.3009604144630993	1.3009604144630993
49	42	2.7748007584625110	3.2748007584625110
49	44	2.0102698296866319	2.5102698296866319
49	45	2.5288592289805298	2.5288592289805298
49	46	1.9716627500665520	1.9716627500665520
49	47	3.0676092279215412	3.5676092279215412
49	48	0.9756792505736711	0.9756792505736711
50	45	3.8228352044000014	3.8228352044000014
50	46	2.4312034057231817	2.4312034057231817
50	48	1.4948063419720963	1.4948063419720963
50	49	2.1552846679731195	2.1552846679731195
51	46	2.9532585888498462	3.2902557702030508
51	48	2.4961304052472895	2.4961304052472895
51	50	1.5352866181921860	1.5352866181921860
52	44	4.2960570022189462	4.7960570022189462
52	47	4.5483127087591795	5.0000000000000000
52	48	2.1126724781659840	2.1126724781659840
52	49	2.6197555835556221	3.1197555835556221
52	50	1.0798689735333635	1.0798689735333635
52	51	2.1469694920981066	2.1469694920981066
53	48	2.7542973582725692	3.0318081374708319
53	50	2.4350540035079300	2.4350540035079300
53	51	1.3033100168417335	1.3033100168417335
54	44	4.6347985346193630	5.0000000000000000
54	47	3.1749090921125434	3.6749090921125434
54	49	3.1765907516078427	3.6765907516078427
54	50	2.5609722763044500	2.5609722763044500
54	51	1.9790578566580612	1.9790578566580612
54	52	2.6060932235849168	3.1060932235849168
54	53	0.9740857251802841	0.9740857251802841
55	50	3.8307791635645088	3.8307791635645088
55	51	2.4242833992749282	2.4242833992749282
55	53	1.4888294059428031	1.4888294059428031
55	54	2.1446757330654909	2.1446757330654909
56	51	2.7782328861667400	3.0639400955271783
56	53	2.4811049957629763	2.4811049957629763
56	55	1.5288652654828678	1.5288652654828678
57	47	4.6552339540844168	5.0000000000000000
57	52	4.5939870943249845	5.0000000000000000
57	53	2.1076823764504939	2.1076823764504939
57	54	2.2003564077677251	2.7003564077677251
57	55	1.0806979226407347	1.0806979226407347
57	56	2.1442427567791849	2.1442427567791849
58	53	2.9169317373480248	3.2624178286998005
58	55	2.4245609911899515	2.4245609911899515
58	56	1.3035140965866074	1.3035140965866074
59	47	4.2916008116635602	4.7916008116635602
59	54	3.0676783718203575	3.5676783718203575
59	55	2.5509068975562399	2.5509068975562399
59	56	1.9842653552385578	1.9842653552385578
59	57	2.1170960879681791	2.6170960879681791
59	58	0.9801663124184591	0.9801663124184591
60	55	3.8185014076205341	3.8185014076205341
60	56	2.4187794442652271	2.4187794442652271
60	58	1.4898862372677988	1.4898862372677988
60	59	2.1560252781449476	2.1560252781449476
61	56	2.9965155326105521	3.3499161233351704
61	58	2.4425488736154284	2.4425488736154284
61	60	1.5264724039431568	1.5264724039431568
62	57	4.3279523610263375	4.8279523610263375
62	58	2.1109170992722572	2.1109170992722572
62	59	2.7830558079362540	3.2830558079362540
62	60	1.0811577128245446	1.0811577128245446
62	61	2.1429853009295239	2.1429853009295239
63	58	2.7264398927544469	3.0580998450629640
63	60	2.4135403456333604	2.4135403456333604
63	61	1.3024780228472186	1.3024780228472186
64	57	4.1633065271016045	4.6633065271016045
64	59	2.4139620639428840	2.9139620639428840
64	60	2.5375602455902397	2.5375602455902397
64	61	1.9840045362851364	1.9840045362851364
64	62	3.3001145950693700	3.8001145950693700
64	63	0.9790694561674368	0.9790694561674368
65	60	3.8020690419822731	3.8020690419822731
65	61	2.4098292470629534	2.4098292470629534
65	63	1.4822449190332885	1.4822449190332885
65	64	2.1476948107214864	2.1476948107214864
66	61	2.9475849481741423	3.3016320868619071
66	63	2.4519408638872187	2.4519408638872187
66	65	1.5297692636472993	1.5297692636472993
67	62	4.4626644220302785	4.9626644220302785
67	63	2.0967772890796006	2.0967772890796006
67	64	2.6335599655296198	3.1335599655296198
67	65	1.0783900036628677	1.0783900036628677
67	66	2.1514853009026109	2.1514853009026109
68	63	3.1390054298297838	3.4635265958572834
68	65	2.4293237742219538	2.4293237742219538
68	66	1.3046823368161307	1.3046823368161307
69	64	3.9948981921441424	4.4948981921441424
69	65	2.5595771135091825	2.5595771135091825
69	66	1.9863285226769514	1.9863285226769514
69	67	1.9063568545266643	2.4063568545266643
69	68	0.9797984486617645	0.9797984486617645
70	65	3.8222790322005538	3.8222790322005538
70	66	2.4199134282035795	2.4199134282035795
70	68	1.4896499588829588	1.4896499588829588
70	69	2.1539252540420244	2.1539252540420244
71	66	3.0272982613526587	3.3745044741400485
71	68	2.4749614138406280	2.4749614138406280
71	70	1.5307060462414068	1.5307060462414068
72	67	4.2605182184569772	4.7605182184569772
72	68	2.1097492742029798	2.1097492742029798
72	69	2.8151099039241152	3.3151099039241152
72	70	1.0799541656940814	1.0799541656940814
72	71	2.1459007432777497	2.1459007432777497
73	68	2.7673354692859360	3.0765885195444649
73	70	2.4305927260649818	2.4305927260649818
73	71	1.3050938663559797	1.3050938663559797
74	67	3.8609145695949616	4.3609145695949616
74	69	2.2313686251505906	2.7313686251505906
74	70	2.5586117329520710	2.5586117329520710
74	71	1.9845223606701943	1.9845223606701943
74	72	3.4100490532287830	3.9100490532287830
74	73	0.9783705841857676	0.9783705841857676
75	70	3.8251071880406173	3.8251071880406173
75	71	2.4221407886413209	2.4221407886413209
75	73	1.4906662939772937	1.4906662939772937
75	74	2.1539681984653347	2.1539681984653347
76	71	3.4067698942013172	3.6449811520931794
76	73	2.4732468538340444	2.4732468538340444
76	75	1.5298320169221196	1.5298320169221196
77	72	4.3593080842899914	4.8593080842899914
77	73	2.1117504587426992	2.1117504587426992
77	74	2.7068808308705083	3.2068808308705083
77	75	1.0800324069212000	1.0800324069212000
77	76	2.1466350411749078	2.1466350411749078
78	73	2.8386615398036743	3.1763434368852730
78	75	2.4292293016510396	2.4292293016510396
78	76	1.3057430834586101	1.3057430834586101
79	67	4.5154036726129467	5.0000000000000000
79	69	4.3187755134267976	4.8187755134267976
79	72	4.6557267566481970	5.0000000000000000
79	74	3.0231853925071710	3.5231853925071710
79	75	2.5578827181870554	2.5578827181870554
79	76	1.9862240558406292	1.9862240558406292
79	77	2.4001025662029614	2.9001025662029614
79	78	0.9791521842900619	0.9791521842900619
80	75	3.8235335751108552	3.8235335751108552
80	76	2.4214501853228363	2.4214501853228363
80	78	1.4913047978196812	1.4913047978196812
80	79	2.1562117242979641	2.1562117242979641
81	76	3.5581120816230491	3.6971198382786628
81	78	2.4726184501455135	2.4726184501455135
81	80	1.5315645595272831	1.5315645595272831
82	74	4.8005451887064723	5.0000000000000000
82	77	4.1339751435686285	4.6339751435686285
82	78	2.1116270977613447	2.1116270977613447
82	79	2.6017997934398216	3.1017997934398216
82	80	1.0802374738917357	1.0802374738917357
82	81	2.1462872594319706	2.1462872594319706
83	78	2.6509749153465534	2.7685139500556271
83	80	2.4289267177088729	2.4289267177088729
83	81	1.3054949253061077	1.3054949253061077
84	77	3.4101687509544525	3.9101687509544525
84	79	1.4687225507753958	1.9687225507753958
84	80	2.5556324070570087	2.5556324070570087
84	81	1.9860939051313762	1.9860939051313762
84	82	2.8703889215164469	3.3703889215164469
84	83	0.9797397613652311	0.9797397613652311
85	80	3.8252218236332385	3.8252218236332385
85	81	2.4240705435279724	2.4240705435279724
85	83	1.4904029656438555	1.4904029656438555
85	84	2.1531992476313007	2.1531992476313007
86	81	3.6518242983034623	3.6921410924958189
86	83	2.4611115374968282	2.4611115374968282
86	85	1.5288698440351292	1.5288698440351292
87	79	4.2746415075082158	4.7746415075082158
87	82	4.1863408338020438	4.6863408338020438
87	83	2.1113602250681902	2.1113602250681902
87	84	2.4806474277416388	2.9806474277416388
87	85	1.0797615477502429	1.0797615477502429
87	86	2.1461160266863484	2.1461160266863484
88	83	2.6657290969029841	2.9230947764657587
88	85	2.4221818676556888	2.4221818676556888
88	86	1.3046892350287864	1.3046892350287864
89	77	4.0311380555821605	4.5311380555821605
89	79	3.3542130065413427	3.8542130065413427
89	82	4.3430813545263911	4.8430813545263911
89	84	1.8155759464275074	2.3155759464275074
89	85	2.5447227746848968	2.5447227746848968
89	86	1.9836978096474269	1.9836978096474269
89	87	2.4990167398155840	2.9990167398155840
89	88	0.9793656109951991	0.9793656109951991
90	85	3.8182746103443108	3.8182746103443108
90	86	2.4223348240901790	2.4223348240901790
90	88	1.4888122782943456	1.4888122782943456
90	89	2.1525768278972066	2.1525768278972066
91	86	3.1325842160008839	3.4648771598788399
91	88	2.4644045934058800	2.4644045934058800
91	90	1.5283873854491212	1.5283873854491212
92	84	3.9050265426656656	4.4050265426656656
92	87	4.3021701534830177	4.8021701534830177
92	88	2.1118335635177314	2.1118335635177314
92	89	2.7467640548311802	3.2467640548311802
92	90	1.0808741832424344	1.0808741832424344
92	91	2.1458240841224612	2.1458240841224612
93	88	2.7171718934713285	3.0142216872315384
93	90	2.4212973795054586	2.4212973795054586
93	91	1.3029079015801539	1.3029079015801539
94	84	4.5230981529530307	5.0000000000000000
94	87	3.3747031184512042	3.8747031184512042
94	89	3.0043959091095389	3.5043959091095389
94	90	2.5445822839908323	2.5445822839908323
94	91	1.9824840478551142	1.9824840478551142
94	92	2.6250484643356327	3.1250484643356327
94	93	0.9797479267648387	0.9797479267648387
95	90	3.8172249082284897	3.8172249082284897
95	91	2.4206424766991099	2.4206424766991099
95	93	1.4890792457085686	1.4890792457085686
95	94	2.1533966192970579	2.1533966192970579
96	91	2.7636256295799453	3.0647060246977262
96	93	2.4662651925533075	2.4662651925533075
96	95	1.5301310401400272	1.5301310401400272
97	92	4.5733322272805674	5.0000000000000000
97	93	2.1103689250934305	2.1103689250934305
97	94	2.0625637124141862	2.5625637124141862
97	95	1.0796916226404647	1.0796916226404647
97	96	2.1477506838550884	2.1477506838550884
98	93	2.6803250420637506	2.9341243053491115
98	95	2.4278887948174228	2.4278887948174228
98	96	1.3053432498772111	1.3053432498772111
99	87	3.8767920447721052	4.3767920447721052
99	89	2.8495609416006533	3.3495609416006533
99	92	4.0098977772465210	4.5098977772465210
99	94	2.5908182430126767	3.0908182430126767
99	95	2.5562274937884539	2.5562274937884539
99	96	1.9855613815744906	1.9855613815744906
99	97	2.7980774880833308	3.2980774880833308
99	98	0.9780853745967167	0.9780853745967167
100	95	3.8192200774503684	3.8192200774503684
100	96	2.4190942519877141	2.4190942519877141
100	98	1.4860706578087060	1.4860706578087060
100	99	2.1477404405560740	2.1477404405560740
101	96	3.1277041517298145	3.4605352418595494
101	98	2.4523745635607952	2.4523745635607952
101	100	1.5262873255059155	1.5262873255059155
102	97	4.3069319496607177	4.8069319496607177
102	98	2.1091785130709058	2.1091785130709058
102	99	2.8616313772118049	3.3616313772118049
102	100	1.0797194079945025	1.0797194079945025
102	101	2.1429911339060648	2.1429911339060648
103	98	2.6247975598339619	2.8355943076844343
103	100	2.4153055707301303	2.4153055707301303
103	101	1.3028223209632230	1.3028223209632230
104	94	4.6691604616104616	5.0000000000000000
104	97	3.2618120206846291	3.7618120206846291
104	99	2.5782705746905843	3.0782705746905843
104	100	2.5363826604043802	2.5363826604043802
104	101	1.9824444506719474	1.9824444506719474
104	102	2.6789230940377107	3.1789230940377107
104	103	0.9799653055083123	0.9799653055083123
105	100	3.8109351870636692	3.8109351870636692
105	101	2.4190134352665349	2.4190134352665349
105	103	1.4877815699893588	1.4877815699893588
105	104	2.1528683192429581	2.1528683192429581
106	101	3.1530755567640307	3.4787009271497005
106	103	2.4535103423462470	2.4535103423462470
106	105	1.5235054972004520	1.5235054972004520
107	99	4.5272339694411246	5.0000000000000000
107	102	4.2354105569501561	4.7354105569501561
107	103	2.1042711327203056	2.1042711327203056
107	104	2.8193786243583721	3.3193786243583721
107	105	1.0768458571216215	1.0768458571216215
107	106	2.1361577657092652	2.1361577657092652
108	103	2.6159010872345143	2.8212979554556123
108	105	2.4059655026620805	2.4059655026620805
108	106	1.2993771584878659	1.2993771584878659
109	102	2.8961220082626613	3.3961220082626613
109	104	2.5198826252997186	3.0198826252997186
109	105	2.5198900769676440	2.5198900769676440
109	106	1.9770789058608662	1.9770789058608662
109	107	2.6776172015218513	3.1776172015218513
109	108	0.9809424040176873	0.9809424040176873
110	105	3.8062318636677919	3.8062318636677919
110	106	2.4192899784854234	2.4192899784854234
110	108	1.4906847419893985	1.4906847419893985
110	109	2.1589925891489292	2.1589925891489292
111	106	3.0879788393204195	3.4277667822674691
111	108	2.4667172517335678	2.4667172517335678
111	110	1.5317901292278924	1.5317901292278924
112	104	4.3818337923213697	4.8818337923213697
112	107	4.3213260398108657	4.8213260398108657
112	108	2.1114322153457827	2.1114322153457827
112	109	2.6648832874699990	3.1648832874699990
112	110	1.0802208107604667	1.0802208107604667
112	111	2.1466462214347302	2.1466462214347302
113	108	2.6438199660436452	2.6861411664344743
113	110	2.4304320603547023	2.4304320603547023
113	111	1.3061167635399218	1.3061167635399218
114	104	4.4391858909446320	4.9391858909446320
114	107	2.8287321776791572	3.3287321776791572
114	109	2.1877353024856490	2.6877353024856490
114	110	2.5585583831525129	2.5585583831525129
114	111	1.9868386950127583	1.9868386950127583
114	112	2.9794035625758406	3.4794035625758406
114	113	0.9791858863361952	0.9791858863361952
115	110	3.8238951345454018	3.8238951345454018
115	111	2.4221703078024874	2.4221703078024874
115	113	1.4879227130466135	1.4879227130466135
115	114	2.1500086046339426	2.1500086046339426
116	111	3.3622222857303283	3.6196107220535674
116	113	2.4629667070425456	2.4629667070425456
116	115	1.5301937785783863	1.5301937785783863
117	112	4.3362554527548083	4.8362554527548083
117	113	2.1087657527568093	2.1087657527568093
117	114	2.6735207668528824	3.1735207668528824
117	115	1.0783037605424552	1.0783037605424552
117	116	2.1478114442380631	2.1478114442380631
118	113	2.6665942967323524	2.9152026215046338
118	115	2.4237565884386987	2.4237565884386987
118	116	1.3036383701011571	1.3036383701011571
119	107	4.3003682114206185	4.8003682114206185
119	109	4.5540796837105759	5.0000000000000000
119	112	3.5718627005454624	4.0718627005454628
119	114	2.6237039355932739	3.1237039355932739
119	115	2.5471075752704286	2.5471075752704286
119	116	1.9836516831339124	1.9836516831339124
119	117	2.6055906864588327	3.1055906864588327
119	118	0.9803229059855741	0.9803229059855741
120	115	3.8206860640466127	3.8206860640466127
120	116	2.4224122275120727	2.4224122275120727
120	118	1.4899120779428561	1.4899120779428561
120	119	2.1542351310848127	2.1542351310848127
121	116	2.7693910627475398	3.0718272192720706
121	118	2.4665964404417684	2.4665964404417684
121	120	1.5284626263013434	1.5284626263013434
122	107	4.3818820477469282	4.8818820477469282
122	114	4.0179534769095664	4.5179534769095664
122	117	4.5597601953369882	5.0000000000000000
122	118	2.1108583562143628	2.1108583562143628
122	119	2.5506173534457548	3.0506173534457548
122	120	1.0800837930457079	1.0800837930457079
122	121	2.1453701312361018	2.1453701312361018
123	118	3.5499531532763933	3.6704917830927131
123	120	2.4242817493022542	2.4242817493022542
123	121	1.3048961644514094	1.3048961644514094
124	119	4.4066534234734673	4.9066534234734673
124	120	2.5509037614147654	2.5509037614147654
124	121	1.9854480602624691	1.9854480602624691
124	122	2.2029825497587554	2.7029825497587554
124	123	0.9794518875371063	0.9794518875371063
125	120	3.8185152873859218	3.8185152873859218
125	121	2.4203572050422628	2.4203572050422628
125	123	1.4893156146364668	1.4893156146364668
125	124	2.1537328060834278	2.1537328060834278
126	121	3.3240652331874974	3.5978628668446992
126	123	2.4643167410055078	2.4643167410055078
126	125	1.5299143766891019	1.5299143766891019
127	122	4.2955713481831532	4.7955713481831532
127	123	2.1108538556707339	2.1108538556707339
127	124	2.8239769706834386	3.3239769706834386
127	125	1.0801874837267846	1.0801874837267846
127	126	2.1473418451657849	2.1473418451657849
