  -1.3085000e+01  -5.9890000e+00  -7.1600000e-01
  -1.3152000e+01  -4.2940000e+00  -7.4400000e-01
  -1.3377000e+01  -5.1760000e+00  -2.1790000e+00
  -1.3546000e+01  -5.1650000e+00  -1.1520000e+00
  -1.5013000e+01  -5.2200000e+00  -8.9100000e-01
  -1.5409000e+01  -6.1800000e+00  -1.1800000e+00
  -1.5728000e+01  -4.0920000e+00  -1.6410000e+00
  -1.6697000e+01  -4.4710000e+00  -2.4320000e+00
  -1.7488000e+01  -6.2980000e+00  -1.7410000e+00
  -1.7468000e+01  -3.4790000e+00  -3.2170000e+00
  -1.8449000e+01  -2.7300000e+00  -2.3110000e+00
  -1.6808000e+01  -2.7910000e+00  -3.7190000e+00
  -1.8967000e+01  -1.6250000e+00  -2.7710000e+00
  -1.8724000e+01  -1.3060000e+00  -3.6650000e+00
  -1.9929000e+01  -8.4800000e-01  -1.9380000e+00
  -1.9174000e+01   2.0700000e-01  -1.1350000e+00
  -2.0642000e+01  -3.6400000e-01  -2.5800000e+00
  -1.7916000e+01  -1.5000000e-02  -9.0400000e-01
  -1.7500000e+01  -8.3000000e-01  -1.2410000e+00
  -1.7116000e+01   9.6600000e-01  -1.2400000e-01
  -1.5959000e+01   1.4920000e+00  -9.8100000e-01
  -1.7749000e+01   1.7910000e+00   1.6700000e-01
  -1.6262000e+01   2.0760000e+00  -2.1080000e+00
  -1.7196000e+01   2.1640000e+00  -2.3760000e+00
  -1.5190000e+01   2.6170000e+00  -2.9880000e+00
  -1.4730000e+01   3.9800000e+00  -2.4550000e+00
  -1.4353000e+01   1.9340000e+00  -2.9960000e+00
  -1.4457000e+01   4.0650000e+00  -1.1830000e+00
  -1.4543000e+01   3.2770000e+00  -6.1200000e-01
  -1.4006000e+01   5.3580000e+00  -5.9900000e-01
  -1.3145000e+01   5.0730000e+00   6.2700000e-01
  -1.3423000e+01   5.8970000e+00  -1.3280000e+00
  -1.2392000e+01   4.0140000e+00   5.8000000e-01
  -1.2400000e+01   3.4500000e+00  -2.2100000e-01
  -1.1520000e+01   3.6600000e+00   1.7320000e+00
  -1.0559000e+01   2.5470000e+00   1.3120000e+00
  -1.0953000e+01   4.5290000e+00   2.0320000e+00
  -9.6120000e+00   2.8650000e+00   4.7600000e-01
  -9.5460000e+00   3.7820000e+00   1.4900000e-01
  -8.6300000e+00   1.8420000e+00   1.7000000e-02
  -7.5410000e+00   1.6630000e+00   1.0780000e+00
  -9.1370000e+00   9.0200000e-01  -1.4500000e-01
  -7.9270000e+00   1.5560000e+00   2.3180000e+00
  -8.8780000e+00   1.5910000e+00   2.5370000e+00
  -6.9290000e+00   1.3740000e+00   3.4070000e+00
  -6.8760000e+00  -1.0100000e-01   3.7960000e+00
  -5.9560000e+00   1.7050000e+00   3.0780000e+00
  -7.6480000e+00  -9.1800000e-01   3.1410000e+00
  -8.2270000e+00  -5.6800000e-01   2.4380000e+00
  -7.6690000e+00  -2.3760000e+00   3.4700000e+00
  -6.3750000e+00  -3.0610000e+00   3.0080000e+00
  -7.7720000e+00  -2.4980000e+00   4.5380000e+00
  -5.2450000e+00  -2.4600000e+00   3.2540000e+00
  -5.2400000e+00  -1.6030000e+00   3.7170000e+00
  -3.9560000e+00  -3.0860000e+00   2.8500000e+00
  -3.9780000e+00  -3.4530000e+00   1.3660000e+00
  -3.1500000e+00  -2.3900000e+00   3.0340000e+00
  -3.7600000e+00  -2.4980000e+00   5.0600000e-01
  -3.5910000e+00  -1.5850000e+00   8.2000000e-01
  -3.7410000e+00  -2.8040000e+00  -9.5200000e-01
  -2.3020000e+00  -3.1180000e+00  -1.3530000e+00
  -4.3630000e+00  -3.6670000e+00  -1.1450000e+00
  -1.4480000e+00  -2.1360000e+00  -1.3000000e+00
  -1.7390000e+00  -1.2460000e+00  -1.0140000e+00
  -3.3000000e-02  -2.3720000e+00  -1.6730000e+00
   6.5900000e-01  -3.1350000e+00  -5.4200000e-01
  -3.0000000e-03  -2.9530000e+00  -2.5810000e+00
   9.0500000e-01  -4.4030000e+00  -7.2600000e-01
   6.4800000e-01  -4.8370000e+00  -1.5660000e+00
   1.5650000e+00  -5.1940000e+00   3.5000000e-01
   3.0860000e+00  -5.0600000e+00   2.4200000e-01
   1.2410000e+00  -4.8280000e+00   1.3130000e+00
   3.6250000e+00  -5.1850000e+00  -9.4000000e-01
   3.0600000e+00  -5.3570000e+00  -1.7200000e+00
   5.1030000e+00  -5.0740000e+00  -1.0990000e+00
   5.4340000e+00  -4.0950000e+00  -2.2270000e+00
   5.5380000e+00  -4.7200000e+00  -1.7600000e-01
   5.0580000e+00  -2.8530000e+00  -2.0820000e+00
   4.5810000e+00  -2.5760000e+00  -1.2730000e+00
   5.3600000e+00  -1.8580000e+00  -3.1510000e+00
   5.4050000e+00  -4.5000000e-01  -2.5500000e+00
   6.3180000e+00  -2.0880000e+00  -3.5940000e+00
   5.5460000e+00  -3.5000000e-01  -1.2560000e+00
   5.6210000e+00  -1.1580000e+00  -7.0700000e-01
   5.6000000e+00   9.9300000e-01  -6.1200000e-01
   5.5610000e+00   8.2400000e-01   9.0700000e-01
   6.5150000e+00   1.4910000e+00  -8.9600000e-01
   6.2790000e+00  -1.3700000e-01   1.4200000e+00
   6.8130000e+00  -7.1300000e-01   8.3500000e-01
   6.2860000e+00  -3.6000000e-01   2.8920000e+00
   7.4460000e+00   4.1200000e-01   3.5200000e+00
   5.3530000e+00  -1.4000000e-02   3.3140000e+00
   7.5540000e+00   1.6760000e+00   3.2230000e+00
   6.9050000e+00   2.0930000e+00   2.6190000e+00
   8.6600000e+00   2.4870000e+00   3.8030000e+00
   9.9860000e+00   1.7440000e+00   3.6270000e+00
   8.7100000e+00   3.4400000e+00   3.2980000e+00
   1.0106000e+01   9.5900000e-01   2.5910000e+00
   9.3650000e+00   8.6200000e-01   1.9600000e+00
   1.1372000e+01   2.1400000e-01   2.3660000e+00
   1.2128000e+01   8.5800000e-01   1.2070000e+00
   1.1979000e+01   2.5500000e-01   3.2580000e+00
   1.2112000e+01   2.1590000e+00   1.1400000e+00
   1.1630000e+01   2.6770000e+00   1.8180000e+00
   1.2829000e+01   2.8570000e+00   3.9000000e-02
   1.4075000e+01   3.5290000e+00   6.0200000e-01
   1.3120000e+01   2.1370000e+00  -7.0700000e-01
   1.4651000e+01   2.9420000e+00   1.6080000e+00
   1.4275000e+01   2.1080000e+00   1.9620000e+00
   1.5879000e+01   3.5310000e+00   2.2140000e+00
   1.7117000e+01   2.9150000e+00   1.5550000e+00
   1.5882000e+01   4.5990000e+00   2.0520000e+00
   1.6925000e+01   2.0090000e+00   6.3400000e-01
   1.6015000e+01   1.7450000e+00   3.8700000e-01
   1.8089000e+01   1.3760000e+00  -4.3000000e-02
   1.7981000e+01   1.5990000e+00  -1.5530000e+00
   1.9002000e+01   1.8170000e+00   3.2400000e-01
   1.7607000e+01   2.7800000e+00  -1.9590000e+00
   1.7409000e+01   3.4820000e+00  -1.3040000e+00
   1.7477000e+01   3.0630000e+00  -3.4160000e+00
   1.8730000e+01   2.5800000e+00  -4.1460000e+00
   1.6612000e+01   2.5470000e+00  -3.8060000e+00
   1.8642000e+01   2.3970000e+00  -5.4350000e+00
   1.7796000e+01   2.5680000e+00  -5.8980000e+00
   1.9830000e+01   1.9280000e+00  -6.2010000e+00
   2.0260000e+01   3.0150000e+00  -7.1880000e+00
   2.0640000e+01   1.7210000e+00  -5.5170000e+00
