2	1	1.6984278024102173	1.6984278024102173
3	1	1.6976896064946623	1.6976896064946623
3	2	1.6989894054996342	1.6989894054996342
4	1	1.0398855706278458	1.0398855706278458
4	2	1.0409855906783720	1.0409855906783720
4	3	1.0392045034544457	1.0392045034544457
5	1	2.1168542699014501	2.1168542699014501
5	2	2.1169886631722901	2.1169886631722901
5	3	2.1171013202017526	2.1171013202017526
5	4	1.5295496069104788	1.5295496069104788
6	1	1.9912883149262459	2.4912883149262459
6	2	2.2628807039639507	2.7628807039639507
6	3	2.7170735815918552	3.2170735815918552
6	4	2.0922471173358073	2.0922471173358073
6	5	0.9761690427379867	0.9761690427379867
7	4	2.6085655061738438	2.6085655061738438
7	5	1.4908809476279452	1.4908809476279452
7	6	1.6919988179664898	1.6919988179664898
8	4	3.5297896149053982	3.7386737448986702
8	5	2.3915572332687334	2.3915572332687334
8	7	1.3047873389943672	1.3047873389943672
9	1	4.1932142730890209	4.6932142730890209
9	2	4.2206735480314226	4.7206735480314226
9	3	3.4501287247680361	3.9501287247680361
9	5	2.5263895186609679	2.5263895186609679
9	6	2.7059809756601130	3.2059809756601130
9	7	1.9846969541972905	1.9846969541972905
9	8	0.9798214122992002	0.9798214122992002
10	5	3.7857561992288935	3.7857561992288935
10	7	2.4235308952022874	2.4235308952022874
10	8	1.4910197852476679	1.4910197852476679
10	9	2.1551180942120096	2.1551180942120096
11	7	2.8310869569001720	3.1614369407659226
11	8	2.4674847517259355	2.4674847517259355
11	10	1.5295427421291630	1.5295427421291630
12	6	4.5252841461837541	5.0000000000000000
12	8	2.1129536199358472	2.1129536199358472
12	9	2.1890943959967153	2.6890943959967153
12	10	1.0815678434568958	1.0815678434568958
12	11	2.1464878289894864	2.1464878289894864
13	8	3.6071398611048218	3.6727462224144105
13	10	2.4257854398111967	2.4257854398111967
13	11	1.3053727437019675	1.3053727437019675
14	9	4.3376600591616201	4.8376600591616201
14	10	2.5512494977951476	2.5512494977951476
14	11	1.9855490424565192	1.9855490424565192
14	12	2.3812760986661994	2.8812760986661994
14	13	0.9799372428885432	0.9799372428885432
15	10	3.8225857740539966	3.8225857740539966
15	11	2.4240134075536788	2.4240134075536788
15	13	1.4908336594000005	1.4908336594000005
15	14	2.1546716687235667	2.1546716687235667
16	11	2.8663942820135282	3.2052416174635749
16	13	2.4685390416195565	2.4685390416195565
16	15	1.5298202508791683	1.5298202508791683
17	12	4.1369719365603963	4.6369719365603963
17	13	2.1120809643571916	2.1120809643571916
17	14	2.5822716243400330	3.0822716243400330
17	15	1.0803430010880808	1.0803430010880808
17	16	2.1461526040801489	2.1461526040801489
18	13	2.6455497043097767	2.7871931088555733
18	15	2.4273775973259699	2.4273775973259699
18	16	1.3054508799644657	1.3054508799644657
19	12	3.8383752372836470	4.3383752372836470
19	14	2.4309959042489910	2.9309959042489910
19	15	2.5539590834623800	2.5539590834623800
19	16	1.9858592598671239	1.9858592598671239
19	17	3.1214467524365319	3.6214467524365319
19	18	0.9799678566157168	0.9799678566157168
20	15	3.8222849187364356	3.8222849187364356
20	16	2.4222596888029981	2.4222596888029981
20	18	1.4899201320876230	1.4899201320876230
20	19	2.1544830006291535	2.1544830006291535
21	16	2.8050819968547613	3.1303519627852610
21	18	2.4627744517109158	2.4627744517109158
21	20	1.5288904473506273	1.5288904473506273
22	17	4.5330425908268062	5.0000000000000000
22	18	2.1106494261245756	2.1106494261245756
22	19	2.6614211158123044	3.1614211158123044
22	20	1.0802874617434015	1.0802874617434015
22	21	2.1450186479375901	2.1450186479375901
23	18	2.7933325395220958	3.1267278973172634
23	20	2.4251690662714624	2.4251690662714624
23	21	1.3046275330530153	1.3046275330530153
24	1	3.8654475892202287	4.3654475892202287
24	6	3.1848035195451052	3.6848035195451052
24	9	4.5785053181943978	5.0000000000000000
24	14	4.6176145779283821	5.0000000000000000
24	17	4.5790522101492055	5.0000000000000000
24	19	2.6371399359942260	3.1371399359942260
24	20	2.5524186568821348	2.5524186568821348
24	21	1.9855087509250615	1.9855087509250615
24	22	3.3515727772169477	3.8515727772169477
24	23	0.9796346257661581	0.9796346257661581
25	20	3.8192351328505558	3.8192351328505558
25	21	2.4199857437596606	2.4199857437596606
25	23	1.4895630231715615	1.4895630231715615
25	24	2.1542465040008776	2.1542465040008776
26	21	2.8757834620821190	3.2216359564370918
26	23	2.4605009652507768	2.4605009652507768
26	25	1.5292825115066218	1.5292825115066218
27	6	4.4466743058548914	4.9466743058548914
27	22	4.5554358017078327	5.0000000000000000
27	23	2.1115806875419190	2.1115806875419190
27	24	2.5875457418244645	3.0875457418244645
27	25	1.0800199072239369	1.0800199072239369
27	26	2.1471362322870897	2.1471362322870897
28	23	2.6310093650314053	2.7945316888648937
28	25	2.4234234050202614	2.4234234050202614
28	26	1.3040889540211584	1.3040889540211584
29	6	4.1748385726775723	4.6748385726775723
29	14	4.5843281859022200	5.0000000000000000
29	17	3.1193905987134145	3.6193905987134145
29	19	3.4000457510900861	3.9000457510900861
29	22	3.7737393489211319	4.2737393489211319
29	24	2.4544490616033734	2.9544490616033734
29	25	2.5477703978184532	2.5477703978184532
29	26	1.9850795953815048	1.9850795953815048
29	27	3.2152753322275789	3.7152753322275789
29	28	0.9813302196508573	0.9813302196508573
30	25	3.8188638362738199	3.8188638362738199
30	26	2.4215338114509155	2.4215338114509155
30	28	1.4885288038865756	1.4885288038865756
30	29	2.1535986162699863	2.1535986162699863
31	26	2.9252878015716934	3.2739358403164984
31	28	2.4645748111996921	2.4645748111996921
31	30	1.5312063871340134	1.5312063871340134
32	17	4.5033797430549143	5.0000000000000000
32	27	4.5046133309115328	5.0000000000000000
32	28	2.1105586938059790	2.1105586938059790
32	29	2.8010990792162351	3.3010990792162351
32	30	1.0790949911847432	1.0790949911847432
32	31	2.1473953990823396	2.1473953990823396
33	28	2.6553324121049267	2.8784228459946473
33	30	2.4262114499771030	2.4262114499771030
33	31	1.3046091368682036	1.3046091368682036
34	17	3.7552201553995550	4.2552201553995550
34	19	4.4455886687454367	4.9455886687454367
34	22	3.2533471884112428	3.7533471884112428
34	24	4.1117900327795880	4.6117900327795880
34	27	3.8804353557454565	4.3804353557454565
34	29	2.1447812008093510	2.6447812008093510
34	30	2.5522805488425435	2.5522805488425435
34	31	1.9857172507685972	1.9857172507685972
34	32	3.3027461274751522	3.8027461274751522
34	33	0.9799765303312110	0.9799765303312110
35	30	3.8226968229248830	3.8226968229248830
35	31	2.4228739133516624	2.4228739133516624
35	33	1.4900285232169215	1.4900285232169215
35	34	2.1529057108940002	2.1529057108940002
36	31	2.9922977040117762	3.3423893833373022
36	33	2.4635054292613199	2.4635054292613199
36	35	1.5297888743222050	1.5297888743222050
37	32	4.3716326669356453	4.8716326669356453
37	33	2.1124450288705745	2.1124450288705745
37	34	2.6569523987297430	3.1569523987297430
37	35	1.0814938742313802	1.0814938742313802
37	36	2.1477604615040291	2.1477604615040291
38	33	2.6365839550489931	2.7935737471640785
38	35	2.4254997423211568	2.4254997423211568
38	36	1.3048068822626586	1.3048068822626586
39	22	4.3407965625681699	4.8407965625681699
39	24	4.5635495395883883	5.0000000000000000
39	27	3.0453681701958968	3.5453681701958968
39	29	3.5578502895870892	4.0578502895870887
39	32	3.8839082577418145	4.3839082577418145
39	34	2.0843999717636472	2.5843999717636472
39	35	2.5534357246658863	2.5534357246658863
39	36	1.9862079448033632	1.9862079448033632
39	37	3.2746943213073227	3.7746943213073227
39	38	0.9792859643638318	0.9792859643638318
40	35	3.8183004072492772	3.8183004072492772
40	36	2.4198297460771903	2.4198297460771903
40	38	1.4865143793451852	1.4865143793451852
40	39	2.1482620882936985	2.1482620882936985
41	36	3.0385796469388815	3.3859635837172930
41	38	2.4483665983671647	2.4483665983671647
41	40	1.5257607938336866	1.5257607938336866
42	37	4.5512061058493067	5.0000000000000000
42	38	2.1103575526436273	2.1103575526436273
42	39	2.7167980703624890	3.2167980703624890
42	40	1.0793451718518960	1.0793451718518960
42	41	2.1430646280502139	2.1430646280502139
43	38	2.6360548223719809	2.8870380843875765
43	40	2.4139388973211395	2.4139388973211395
43	41	1.3035202338283818	1.3035202338283818
44	27	3.6037659631515737	4.1037659631515737
44	29	4.4413644670861929	4.9413644670861929
44	32	3.3609550212840511	3.8609550212840511
44	34	3.8862502102109406	4.3862502102109406
44	37	4.3039358869333553	4.8039358869333553
44	39	1.9887684118615381	2.4887684118615381
44	40	2.5340516963945308	2.5340516963945308
44	41	1.9828257613819726	1.9828257613819726
44	42	3.3982387398129537	3.8982387398129537
44	43	0.9798341696430065	0.9798341696430065
45	40	3.8067763264998904	3.8067763264998904
45	41	2.4166054704895457	2.4166054704895457
45	43	1.4846181327196568	1.4846181327196568
45	44	2.1501785972332623	2.1501785972332623
46	41	2.8866002473336931	3.2316424539453852
46	43	2.4593360892728753	2.4593360892728753
46	45	1.5274976268394005	1.5274976268394005
47	42	4.3684377012258429	4.8684377012258429
47	43	2.1018132647787722	2.1018132647787722
47	44	2.6913980061675873	3.1913980061675873
47	45	1.0782077721849348	1.0782077721849348
47	46	2.1401824688563353	2.1401824688563353
48	43	2.6493958652957819	2.8443126060016573
48	45	2.4285890965743873	2.4285890965743873
48	46	1.3060061255599069	1.3060061255599069
49	32	3.8040111196089068	4.3040111196089068
49	34	4.3851139657048588	4.8851139657048588
49	37	3.1944496370793720	3.6944496370793720
49	39	3.4164071049062463	3.9164071049062463
49	42	4.0984549521542970	4.5984549521542970
49	44	2.1814824837583306	2.6814824837583306
49	45	2.5614609112770004	2.5614609112770004
49	46	1.9889260921411838	1.9889260921411838
49	47	3.2648184031570415	3.7648184031570415
49	48	0.9803524876288120	0.9803524876288120
50	45	3.8197306187740518	3.8197306187740518
50	46	2.4189342694666176	2.4189342694666176
50	48	1.4891645308695749	1.4891645308695749
50	49	2.1543500179868640	2.1543500179868640
51	46	2.8790895226227948	3.2285098369222909
51	48	2.4541495471955250	2.4541495471955250
51	50	1.5268140030796147	1.5268140030796147
52	47	4.5199179366356290	5.0000000000000000
52	48	2.1110997134195251	2.1110997134195251
52	49	2.6026914564402364	3.1026914564402364
52	50	1.0797541386815797	1.0797541386815797
52	51	2.1427024991818158	2.1427024991818158
53	48	2.6877443099768361	2.9740994920676673
53	50	2.4230249689179844	2.4230249689179844
53	51	1.3052298648130913	1.3052298648130913
54	37	3.2507872466269916	3.7507872466269916
54	39	4.2007013811779643	4.7007013811779643
54	42	3.4888118343186809	3.9888118343186809
54	44	3.9180269803521526	4.4180269803521526
54	47	4.4217959282308055	4.9217959282308055
54	49	2.2545548032101737	2.7545548032101737
54	50	2.5495980075298146	2.5495980075298146
54	51	1.9860219032024802	1.9860219032024802
54	52	3.3070091615904533	3.8070091615904533
54	53	0.9803193357268848	0.9803193357268848
55	50	3.8146167566349303	3.8146167566349303
55	51	2.4183362049144450	2.4183362049144450
55	53	1.4866960012053569	1.4866960012053569
55	54	2.1524527869386589	2.1524527869386589
56	51	2.7446358537772793	3.0509730536794981
56	53	2.4537206442462023	2.4537206442462023
56	55	1.5302450784106445	1.5302450784106445
57	52	4.5598052301220227	5.0000000000000000
57	53	2.1099130313830470	2.1099130313830470
57	54	2.5667477644122072	3.0667477644122072
57	55	1.0798583240407051	1.0798583240407051
57	56	2.1469480664422229	2.1469480664422229
58	53	2.6257280690251386	2.7950674295921600
58	55	2.4280545710506591	2.4280545710506591
58	56	1.3078849337766683	1.3078849337766683
59	42	3.8041218467002338	4.3041218467002338
59	44	4.4207215493028222	4.9207215493028222
59	47	3.3415286198864269	3.8415286198864269
59	49	3.3737564723744322	3.8737564723744322
59	52	3.6789183372688630	4.1789183372688630
59	54	2.3214331080675059	2.8214331080675059
59	55	2.5567579079764275	2.5567579079764275
59	56	1.9907207237581062	1.9907207237581062
59	57	3.3457485770035307	3.8457485770035307
59	58	0.9813898308011957	0.9813898308011957
60	55	3.8204634535616226	3.8204634535616226
60	56	2.4211573678718201	2.4211573678718201
60	58	1.4877486346826199	1.4877486346826199
60	59	2.1531070572547013	2.1531070572547013
61	56	2.8060340571664399	3.1326391888517344
61	58	2.4634419010806812	2.4634419010806812
61	60	1.5300568616884800	1.5300568616884800
62	57	4.6490606587133279	5.0000000000000000
62	58	2.1096115756223943	2.1096115756223943
62	59	2.7083457019986508	3.2083457019986508
62	60	1.0796355866680201	1.0796355866680201
62	61	2.1458883941155933	2.1458883941155933
63	58	2.7026284082616363	2.9803550039706699
63	60	2.4315201006777634	2.4315201006777634
63	61	1.3076107983647123	1.3076107983647123
64	47	4.4948734453984089	4.9948734453984089
64	52	3.2983751234020389	3.7983751234020389
64	54	4.3414558607614504	4.8414558607614504
64	57	4.1375125866915221	4.6375125866915221
64	59	2.4959894724205318	2.9959894724205318
64	60	2.5629404987240729	2.5629404987240729
64	61	1.9902979676420312	1.9902979676420312
64	62	3.2456227759404830	3.7456227759404830
64	63	0.9808394364012898	0.9808394364012898
65	60	3.8257843640226250	3.8257843640226250
65	61	2.4229737926770896	2.4229737926770896
65	63	1.4921561580478095	1.4921561580478095
65	64	2.1579717329010588	2.1579717329010588
66	61	2.9183143836456478	3.2694964673526621
66	63	2.4635275521089670	2.4635275521089670
66	65	1.5291507446945838	1.5291507446945838
67	62	4.4780980835116670	4.9780980835116670
67	63	2.1135044357653947	2.1135044357653947
67	64	2.6759609642705571	3.1759609642705571
67	65	1.0791454952878226	1.0791454952878226
67	66	2.1442968544490291	2.1442968544490291
68	63	2.6413204283475364	2.8454834386606742
68	65	2.4238395161396307	2.4238395161396307
68	66	1.3056331797254541	1.3056331797254541
69	52	4.3074360752821068	4.8074360752821068
69	54	4.5279124980296039	5.0000000000000000
69	57	2.9432189846811538	3.4432189846811538
69	59	3.7372924747451099	4.2372924747451099
69	62	4.3334192931981432	4.8334192931981432
69	64	2.2706552306595369	2.7706552306595369
69	65	2.5477248674062118	2.5477248674062118
69	66	1.9847292006719706	1.9847292006719706
69	67	3.2448036449565478	3.7448036449565478
69	68	0.9788145891842849	0.9788145891842849
70	65	3.8202978941438586	3.8202978941438586
70	66	2.4233575881408838	2.4233575881408838
70	68	1.4900087248066705	1.4900087248066705
70	69	2.1532770374478059	2.1532770374478059
71	66	2.7196823500064773	2.9822143794357245
71	68	2.4674622590832063	2.4674622590832063
71	70	1.5294162285002733	1.5294162285002733
72	57	4.5597142203935945	5.0000000000000000
72	67	4.6401762667350779	5.0000000000000000
72	68	2.1104857260829792	2.1104857260829792
72	69	2.4233569475703023	2.9233569475703023
72	70	1.0800398140809440	1.0800398140809440
72	71	2.1461500413531205	2.1461500413531205
73	68	2.7196332953179407	3.0118087847445474
73	70	2.4260119538040201	2.4260119538040201
73	71	1.3043948788614588	1.3043948788614588
74	57	3.9388752342080382	4.4388752342080382
74	62	3.7847053842048508	4.2847053842048508
74	64	4.1665952513047220	4.6665952513047220
74	67	4.1830795440839648	4.6830795440839648
74	69	2.6819688088947711	3.1819688088947711
74	70	2.5522341193550409	2.5522341193550409
74	71	1.9843923503178498	1.9843923503178498
74	72	3.2994737710692359	3.7994737710692359
74	73	0.9793615267101318	0.9793615267101318
75	70	3.8230881496507507	3.8230881496507507
75	71	2.4238343590270355	2.4238343590270355
75	73	1.4912333821370820	1.4912333821370820
75	74	2.1541160600116234	2.1541160600116234
76	71	2.8469943812417373	3.1795763147132736
76	73	2.4717801277621763	2.4717801277621763
76	75	1.5311433636338563	1.5311433636338563
77	72	4.4798585310993220	4.9798585310993220
77	73	2.1125901164210723	2.1125901164210723
77	74	2.6459969882912451	3.1459969882912451
77	75	1.0795749163443915	1.0795749163443915
77	76	2.1484696879406977	2.1484696879406977
78	73	2.7102185771731944	2.9944408627980699
78	75	2.4247861761400733	2.4247861761400733
78	76	1.3040812858100526	1.3040812858100526
79	62	4.2143466384115493	4.7143466384115493
79	64	4.5843171893007000	5.0000000000000000
79	67	2.9895282138875876	3.4895282138875876
79	69	4.1693920693834947	4.6693920693834947
79	72	4.5057848798500864	5.0000000000000000
79	74	2.3348287891974207	2.8348287891974207
79	75	2.5466301262649043	2.5466301262649043
79	76	1.9832107805273751	1.9832107805273751
79	77	3.3643113181176614	3.8643113181176614
79	78	0.9801596808683776	0.9801596808683776
80	75	3.8244693749590941	3.8244693749590941
80	76	2.4262988274324333	2.4262988274324333
80	78	1.4913047978196814	1.4913047978196814
80	79	2.1541822114203804	2.1541822114203804
81	76	2.7178207968557455	2.9484107929393089
81	78	2.4778849852242941	2.4778849852242941
81	80	1.5311564257122783	1.5311564257122783
82	67	4.5833346300707642	5.0000000000000000
82	77	4.6405873085074552	5.0000000000000000
82	78	2.1114284264449981	2.1114284264449981
82	79	2.5267823884320029	3.0267823884320029
82	80	1.0800453694174148	1.0800453694174148
82	81	2.1465819341455386	2.1465819341455386
83	78	2.7201586401033175	2.9954913480275311
83	80	2.4302734414053084	2.4302734414053084
83	81	1.3051624419971639	1.3051624419971639
84	67	3.6853980801581669	4.1853980801581674
84	72	3.8864179104328018	4.3864179104328018
84	74	4.2132538330032263	4.7132538330032263
84	77	4.2348517908393601	4.7348517908393601
84	79	2.8253367870477946	3.3253367870477946
84	80	2.5579779123362267	2.5579779123362267
84	81	1.9852805847033310	1.9852805847033310
84	82	3.2959557938198554	3.7959557938198554
84	83	0.9792129492607826	0.9792129492607826
85	80	3.8267428709020943	3.8267428709020943
85	81	2.4242485433634897	2.4242485433634897
85	83	1.4916956794199012	1.4916956794199012
85	84	2.1546252574403746	2.1546252574403746
86	81	2.9634765441034450	3.3115246648380090
86	83	2.4746704831148731	2.4746704831148731
86	85	1.5306946135660113	1.5306946135660113
87	82	4.3916174334313789	4.8916174334313789
87	83	2.1120582378334172	2.1120582378334172
87	84	2.7475138579685319	3.2475138579685319
87	85	1.0791839509555354	1.0791839509555354
87	86	2.1455689222208645	2.1455689222208645
88	83	2.6628009236904591	2.8513077476139514
88	85	2.4288239952701391	2.4288239952701391
88	86	1.3037806563989200	1.3037806563989200
89	72	4.1003897427064402	4.6003897427064402
89	74	4.2864926656804556	4.7864926656804556
89	77	2.9691925091015108	3.4691925091015108
89	79	3.7973327187964534	4.2973327187964534
89	82	4.0870823179191325	4.5870823179191325
89	84	2.1802412511028360	2.6802412511028360
89	85	2.5567819617636545	2.5567819617636545
89	86	1.9849649870967496	1.9849649870967496
89	87	3.1924467047562928	3.6924467047562928
89	88	0.9804254178671628	0.9804254178671628
90	85	3.8240619764852140	3.8240619764852140
90	86	2.4217877693968144	2.4217877693968144
90	88	1.4904079978314662	1.4904079978314662
90	89	2.1546169033032303	2.1546169033032303
91	86	2.7553626808482488	3.0530577909931220
91	88	2.4655585574064141	2.4655585574064141
91	90	1.5297355980691563	1.5297355980691563
92	77	4.2788454169359182	4.7788454169359182
92	87	4.6017220440938136	5.0000000000000000
92	88	2.1125586382394217	2.1125586382394217
92	89	2.5721170111177210	3.0721170111177210
92	90	1.0797092201143788	1.0797092201143788
92	91	2.1467563904644607	2.1467563904644607
93	88	2.7802759603942122	3.1095021944244583
93	90	2.4244861311213972	2.4244861311213972
93	91	1.3054171746993370	1.3054171746993370
94	77	3.3914283672030416	3.8914283672030416
94	82	4.3732885360844582	4.8732885360844582
94	84	4.5248953107937151	5.0000000000000000
94	87	4.4897090171375860	4.9897090171375860
94	89	2.9129971457089741	3.4129971457089741
94	90	2.5493722756788584	2.5493722756788584
94	91	1.9855215939394866	1.9855215939394866
94	92	3.4044258989213505	3.9044258989213505
94	93	0.9794416776919395	0.9794416776919395
95	90	3.8194669785193853	3.8194669785193853
95	91	2.4214200379116382	2.4214200379116382
95	93	1.4890913336662732	1.4890913336662732
95	94	2.1532364013270819	2.1532364013270819
96	91	2.8720537080179134	3.2151379749949371
96	93	2.4640639196254628	2.4640639196254628
96	95	1.5301888772305205	1.5301888772305205
97	92	4.5086568226230028	5.0000000000000000
97	93	2.1108022171676812	2.1108022171676812
97	94	2.5546178166423488	3.0546178166423488
97	95	1.0799819442935146	1.0799819442935146
97	96	2.1461698441642505	2.1461698441642505
98	93	2.6420702623465178	2.8254382262778721
98	95	2.4260441051225765	2.4260441051225765
98	96	1.3048999961682888	1.3048999961682888
99	82	4.6727125280830597	5.0000000000000000
99	84	4.5814299962832035	5.0000000000000000
99	87	2.8877395611749805	3.3877395611749805
99	89	3.5354996135206762	4.0354996135206758
99	92	4.0265783770113153	4.5265783770113153
99	94	2.4002783096280207	2.9002783096280207
99	95	2.5506144357781717	2.5506144357781717
99	96	1.9851826112476401	1.9851826112476401
99	97	3.2052625079698909	3.7052625079698909
99	98	0.9807109665951530	0.9807109665951530
100	95	3.8204791584302615	3.8204791584302615
100	96	2.4212899454629544	2.4212899454629544
100	98	1.4884182879822456	1.4884182879822456
100	99	2.1538321661633710	2.1538321661633710
101	96	2.8440313668236819	3.1808680098842443
101	98	2.4631106349492300	2.4631106349492300
101	100	1.5302173048296110	1.5302173048296110
102	87	4.5006067230324129	5.0000000000000000
102	97	4.5989791909796338	5.0000000000000000
102	98	2.1110180008706698	2.1110180008706698
102	99	2.5465614490126511	3.0465614490126511
102	100	1.0805535618376354	1.0805535618376354
102	101	2.1467028206065231	2.1467028206065231
103	98	2.6484429636717537	2.8650755465827094
103	100	2.4249915463770177	2.4249915463770177
103	101	1.3059054330233872	1.3059054330233872
104	87	4.0703376018397499	4.5703376018397499
104	89	4.5627768241181128	5.0000000000000000
104	92	3.3306920992570386	3.8306920992570386
104	94	3.9808059180282065	4.4808059180282065
104	97	3.7708164473710823	4.2708164473710823
104	99	2.4752813604381854	2.9752813604381854
104	100	2.5504703487788287	2.5504703487788287
104	101	1.9871904790432144	1.9871904790432144
104	102	3.2157929527272140	3.7157929527272140
104	103	0.9805850294594548	0.9805850294594548
105	100	3.8207431214359331	3.8207431214359331
105	101	2.4225992239741183	2.4225992239741183
105	103	1.4896194144814303	1.4896194144814303
105	104	2.1540828674867640	2.1540828674867640
106	101	3.0458144534067397	3.3922456265155083
106	103	2.4666986033968570	2.4666986033968570
106	105	1.5296424418798016	1.5296424418798016
107	102	4.5690267075786704	5.0000000000000000
107	103	2.1123105832239726	2.1123105832239726
107	104	2.7322330571227313	3.2322330571227313
107	105	1.0797212603260158	1.0797212603260158
107	106	2.1467151650836218	2.1467151650836218
108	103	2.7485310335320401	3.0605576472862053
108	105	2.4255576678364092	2.4255576678364092
108	106	1.3047091629938072	1.3047091629938072
109	92	4.1394552193176004	4.6394552193176004
109	97	3.2228254991505962	3.7228254991505962
109	99	4.3403233957469345	4.8403233957469345
109	104	2.4611742806923798	2.9611742806923798
109	105	2.5509954919599522	2.5509954919599522
109	106	1.9855054772022165	1.9855054772022165
109	107	3.3167581796954630	3.8167581796954630
109	108	0.9808639049327893	0.9808639049327893
110	105	3.8221872010669493	3.8221872010669493
110	106	2.4234770475496563	2.4234770475496563
110	108	1.4904056494793627	1.4904056494793627
110	109	2.1548932688186677	2.1548932688186677
111	106	2.7551451342381839	3.0430881923332351
111	108	2.4723021659983235	2.4723021659983235
111	110	1.5306609683401482	1.5306609683401482
112	107	4.5279795598047778	5.0000000000000000
112	108	2.1109064403710551	2.1109064403710551
112	109	2.5024739974083596	3.0024739974083596
112	110	1.0796300292229739	1.0796300292229739
112	111	2.1465390748831008	2.1465390748831008
113	108	2.6547720539242969	2.8253585409578528
113	110	2.4283372912344778	2.4283372912344778
113	111	1.3048145462095373	1.3048145462095373
114	97	3.6096838798537894	4.1096838798537894
114	99	4.5523955759980419	5.0000000000000000
114	102	3.7108818010865336	4.2108818010865336
114	104	3.5863845797723228	4.0863845797723233
114	107	3.8369753701042857	4.3369753701042857
114	109	2.6416602561990996	3.1416602561990996
114	110	2.5544208737011216	2.5544208737011216
114	111	1.9853072810021124	1.9853072810021124
114	112	3.2977320322873718	3.7977320322873718
114	113	0.9806355082292296	0.9806355082292296
115	110	3.8245152634026702	3.8245152634026702
115	111	2.4235077883101583	2.4235077883101583
115	113	1.4906780336477756	1.4906780336477756
115	114	2.1553234096070133	2.1553234096070133
116	111	2.9030413001400710	3.2474265054949507
116	113	2.4707672897300550	2.4707672897300550
116	115	1.5309546041604243	1.5309546041604243
117	112	4.5053879726434243	5.0000000000000000
117	113	2.1116159688731284	2.1116159688731284
117	114	2.6628470944708651	3.1628470944708651
117	115	1.0789907321196042	1.0789907321196042
117	116	2.1467959847176918	2.1467959847176918
118	113	2.7175978526618838	3.0042445852379229
118	115	2.4277687286889589	2.4277687286889589
118	116	1.3045754098556350	1.3045754098556350
119	102	3.8331252315322066	4.3331252315322066
119	104	4.3584940837966775	4.8584940837966775
119	107	3.0397337771957167	3.5397337771957167
119	109	4.3054697092611880	4.8054697092611880
119	112	4.4684265347599919	4.9684265347599919
119	114	2.4180875694626924	2.9180875694626924
119	115	2.5549350285281225	2.5549350285281225
119	116	1.9851470978242385	1.9851470978242385
119	117	3.3861983005944261	3.8861983005944261
119	118	0.9792149917153034	0.9792149917153034
120	115	3.8218543928307898	3.8218543928307898
120	116	2.4209917389367521	2.4209917389367521
120	118	1.4884414667698556	1.4884414667698556
120	119	2.1511266815322618	2.1511266815322618
121	116	3.0338247147768378	3.3812061203386312
121	118	2.4678510895108721	2.4678510895108721
121	120	1.5315759857088387	1.5315759857088387
122	117	4.3177927488048784	4.8177927488048784
122	118	2.1101324602972200	2.1101324602972200
122	119	2.5995411006971110	3.0995411006971110
122	120	1.0806576701250032	1.0806576701250032
122	121	2.1488792427681922	2.1488792427681922
123	118	2.6456720846880901	2.7616269079365061
123	120	2.4284266511467889	2.4284266511467889
123	121	1.3049448264198773	1.3049448264198773
124	107	4.1929448919093169	4.6929448919093169
124	109	4.7261301067832120	5.0000000000000000
124	112	3.3627284027477677	3.8627284027477677
124	114	3.5368554405036194	4.0368554405036194
124	117	3.3377674146736553	3.8377674146736553
124	119	2.4796557282253455	2.9796557282253455
124	120	2.5556073642091421	2.5556073642091421
124	121	1.9858303049354442	1.9858303049354442
124	122	3.0819351870141767	3.5819351870141767
124	123	0.9795432609129616	0.9795432609129616
125	120	3.8237604527480538	3.8237604527480538
125	121	2.4223445254546268	2.4223445254546268
125	123	1.4897355470015465	1.4897355470015465
125	124	2.1525856545094784	2.1525856545094784
126	121	3.4171261604091243	3.6465565111219505
126	123	2.4639776784703225	2.4639776784703225
126	125	1.5294763809879521	1.5294763809879521
127	122	4.2631616800514607	4.7631616800514607
127	123	2.1116157320876350	2.1116157320876350
127	124	2.6682202089344083	3.1682202089344083
127	125	1.0800745344650993	1.0800745344650993
127	126	2.1467521980890112	2.1467521980890112
