   1.5212000e+01   1.9170000e+00  -9.8290000e+00
   1.6502000e+01   2.0910000e+00  -8.7380000e+00
   1.6550000e+01   2.8760000e+00  -1.0244000e+01
   1.5933000e+01   2.5720000e+00  -9.4650000e+00
   1.5248000e+01   3.7930000e+00  -8.8490000e+00
   1.4396000e+01   3.5520000e+00  -8.4380000e+00
   1.4402000e+01   4.6700000e+00  -9.7080000e+00
   1.4637000e+01   5.9530000e+00  -9.6740000e+00
   1.5348000e+01   6.3050000e+00  -9.0990000e+00
   1.3825000e+01   6.8830000e+00  -1.0510000e+01
   1.2385000e+01   6.9090000e+00  -9.9950000e+00
   1.4245000e+01   7.8780000e+00  -1.0452000e+01
   1.1572000e+01   7.7820000e+00  -1.0525000e+01
   1.1893000e+01   8.3880000e+00  -1.1225000e+01
   1.0156000e+01   7.8590000e+00  -1.0065000e+01
   9.4660000e+00   6.5140000e+00  -1.0300000e+01
   1.0133000e+01   8.0950000e+00  -9.0110000e+00
   1.0011000e+01   5.6980000e+00  -1.1161000e+01
   1.0833000e+01   5.9560000e+00  -1.1628000e+01
   9.3850000e+00   4.3730000e+00  -1.1430000e+01
   9.4760000e+00   3.5060000e+00  -1.0174000e+01
   8.3470000e+00   4.5140000e+00  -1.1694000e+01
   1.0667000e+01   3.2120000e+00  -9.7300000e+00
   1.1461000e+01   3.5440000e+00  -1.0198000e+01
   1.0817000e+01   2.3750000e+00  -8.5070000e+00
   1.0231000e+01   3.1250000e+00  -7.3100000e+00
   1.0290000e+01   1.4420000e+00  -8.6420000e+00
   1.0055000e+01   4.4110000e+00  -7.4360000e+00
   1.0295000e+01   4.8580000e+00  -8.2760000e+00
   9.4880000e+00   5.2010000e+00  -6.3090000e+00
   7.9710000e+00   4.9990000e+00  -6.2590000e+00
   9.9260000e+00   4.8700000e+00  -5.3800000e+00
   7.3490000e+00   4.8350000e+00  -7.3940000e+00
   7.8520000e+00   4.8430000e+00  -8.2350000e+00
   5.8730000e+00   4.6320000e+00  -7.4140000e+00
   5.5620000e+00   3.1540000e+00  -7.1710000e+00
   5.4170000e+00   5.2290000e+00  -6.6360000e+00
   6.5300000e+00   2.2980000e+00  -7.3520000e+00
   7.4160000e+00   2.6090000e+00  -7.6300000e+00
   6.2940000e+00   8.4800000e-01  -7.1250000e+00
   6.5050000e+00   5.4300000e-01  -5.6450000e+00
   5.2820000e+00   5.9700000e-01  -7.4040000e+00
   7.5100000e+00   1.1310000e+00  -5.0590000e+00
   8.0870000e+00   1.7360000e+00  -5.5700000e+00
   7.7790000e+00   8.8400000e-01  -3.6200000e+00
   6.7570000e+00   1.6410000e+00  -2.7740000e+00
   7.6930000e+00  -1.7200000e-01  -3.4200000e+00
   6.2830000e+00   2.7610000e+00  -3.2500000e+00
   6.5820000e+00   3.0920000e+00  -4.1230000e+00
   5.2780000e+00   3.5300000e+00  -2.4650000e+00
   3.9140000e+00   2.8610000e+00  -2.6170000e+00
   5.5610000e+00   3.5340000e+00  -1.4230000e+00
   3.5380000e+00   2.5290000e+00  -3.8220000e+00
   4.1250000e+00   2.7100000e+00  -4.5860000e+00
   2.2240000e+00   1.8660000e+00  -4.0320000e+00
   2.2160000e+00   5.3500000e-01  -3.2770000e+00
   1.4350000e+00   2.4990000e+00  -3.6540000e+00
   3.3670000e+00  -5.6000000e-02  -3.0860000e+00
   4.1930000e+00   3.5300000e-01  -3.4230000e+00
   3.4230000e+00  -1.3500000e+00  -2.3540000e+00
   2.8790000e+00  -1.1570000e+00  -9.3700000e-01
   2.8230000e+00  -2.0830000e+00  -2.8720000e+00
   3.3180000e+00  -1.3400000e-01  -2.5100000e-01
   3.9730000e+00   4.8000000e-01  -6.4600000e-01
   2.8140000e+00   9.9000000e-02   1.1340000e+00
   1.3600000e+00   5.6800000e-01   1.0690000e+00
   2.8690000e+00  -8.2000000e-01   1.6970000e+00
   1.0370000e+00   1.3860000e+00   1.0400000e-01
   1.7150000e+00   1.6730000e+00  -5.4100000e-01
  -3.6200000e-01   1.8850000e+00  -1.4000000e-02
  -1.3380000e+00   7.1800000e-01   1.4300000e-01
  -5.4800000e-01   2.6160000e+00   7.5900000e-01
  -1.1350000e+00  -3.4100000e-01  -5.9100000e-01
  -3.7900000e-01  -3.6800000e-01  -1.2130000e+00
  -2.0550000e+00  -1.5100000e+00  -4.8700000e-01
  -1.8750000e+00  -2.1900000e+00   8.7300000e-01
  -3.0760000e+00  -1.1750000e+00  -5.9100000e-01
  -6.5500000e-01  -2.4320000e+00   1.2650000e+00
   1.0000000e-01  -2.1800000e+00   6.9300000e-01
  -4.0400000e-01  -3.0990000e+00   2.5750000e+00
  -1.3380000e+00  -2.5270000e+00   3.6450000e+00
  -5.8000000e-01  -4.1600000e+00   2.4760000e+00
  -1.3650000e+00  -1.2310000e+00   3.7970000e+00
  -8.0100000e-01  -6.6000000e-01   3.2360000e+00
  -2.2490000e+00  -6.1900000e-01   4.8310000e+00
  -3.6730000e+00  -4.8400000e-01   4.2860000e+00
  -2.2600000e+00  -1.2450000e+00   5.7100000e+00
  -3.8250000e+00  -4.3600000e-01   2.9920000e+00
  -3.0420000e+00  -4.8500000e-01   2.4040000e+00
  -5.1890000e+00  -3.0400000e-01   2.4060000e+00
  -6.0920000e+00  -1.4050000e+00   2.9650000e+00
  -5.5990000e+00   6.6200000e-01   2.6600000e+00
  -5.7750000e+00  -2.6400000e+00   2.6850000e+00
  -4.9860000e+00  -2.8310000e+00   2.1370000e+00
  -6.6130000e+00  -3.7580000e+00   3.2000000e+00
  -6.6060000e+00  -3.7350000e+00   4.7300000e+00
  -7.6260000e+00  -3.6420000e+00   2.8440000e+00
  -5.5360000e+00  -3.2770000e+00   5.3200000e+00
  -4.7770000e+00  -2.9650000e+00   4.7830000e+00
  -5.4690000e+00  -3.2250000e+00   6.8060000e+00
  -6.5770000e+00  -2.3100000e+00   7.3320000e+00
  -5.6030000e+00  -4.2190000e+00   7.2080000e+00
  -6.9230000e+00  -1.2970000e+00   6.5840000e+00
  -6.4780000e+00  -1.1480000e+00   5.7230000e+00
  -7.9940000e+00  -3.6700000e-01   7.0390000e+00
  -9.3640000e+00  -9.8200000e-01   6.7480000e+00
  -7.8950000e+00  -1.9300000e-01   8.1000000e+00
  -9.6510000e+00  -1.2510000e+00   5.5040000e+00
  -8.9980000e+00  -1.0580000e+00   4.7980000e+00
  -1.0971000e+01  -1.8480000e+00   5.1540000e+00
  -1.1292000e+01  -2.9970000e+00   6.1130000e+00
  -1.1738000e+01  -1.0920000e+00   5.2300000e+00
  -1.0296000e+01  -3.7220000e+00   6.5430000e+00
  -9.3820000e+00  -3.5210000e+00   6.2500000e+00
  -1.0547000e+01  -4.8580000e+00   7.4750000e+00
  -1.0857000e+01  -4.3190000e+00   8.8740000e+00
  -1.1385000e+01  -5.4370000e+00   7.1190000e+00
  -1.0063000e+01  -3.4040000e+00   9.3580000e+00
  -9.3010000e+00  -3.0870000e+00   8.8310000e+00
  -1.0312000e+01  -2.8430000e+00   1.0714000e+01
  -1.1356000e+01  -1.7260000e+00   1.0624000e+01
  -1.0676000e+01  -3.6250000e+00   1.1365000e+01
  -1.2002000e+01  -1.5930000e+00   9.4980000e+00
  -1.1812000e+01  -2.1950000e+00   8.7490000e+00
  -1.3030000e+01  -5.2500000e-01   9.3500000e+00
  -1.4278000e+01  -1.1100000e+00   8.6870000e+00
  -1.3288000e+01  -1.3600000e-01   1.0324000e+01
