   0.0000000e+00
  -1.1239053e+00
  -1.3645432e+00
  -9.0179250e-01
  -1.0162798e+00
   1.5981988e+00
  -1.7733647e+00
  -8.5700177e-01
  -2.1559830e+00
  -1.3897819e+00
  -2.8070550e+00
  -1.2326695e+00
  -1.5345301e+00
  -1.8139382e+00
  -1.9567789e+00
  -9.9557202e-01
  -1.6924247e+00
  -9.8752907e-01
  -1.6521373e+00
  -2.5755416e+00
  -1.4327695e+00
  -1.9368950e+00
  -7.8223037e-01
  -3.0528034e+00
  -1.2909299e+00
   1.6027989e+00
  -1.6283316e+00
  -1.8860467e+00
  -2.1511058e+00
  -9.1100027e-01
   3.0749761e+00
   3.0100753e+00
   1.6248237e+00
  -1.6162001e+00
  -2.9555515e+00
