   2.1122637e+00
   1.6507692e+00
   1.6768303e+00
  -2.9400649e+00
   2.0430360e+00
   4.6343561e-01
   2.2089610e+00
   2.0821457e+00
   2.3613790e+00
  -4.4474352e-01
  -2.9491020e+00
  -3.8176645e-01
   7.2500899e-02
   2.1347957e-01
   3.0132666e+00
  -2.5109792e+00
  -1.2801012e+00
  -1.9077513e-01
   2.8384443e+00
   2.3155822e+00
   2.1879095e+00
   2.1488884e+00
   1.3978244e+00
  -1.2381514e+00
  -4.2228913e-01
  -3.8974737e-01
  -3.0144335e+00
   2.0384756e+00
   2.4270984e+00
   2.7107714e+00
   1.7298234e+00
   1.7858680e+00
  -3.1097854e+00
   1.5812848e+00
   0.0000000e+00
