2	1	1.6963714215937493	1.6963714215937493
3	1	1.6802791434758666	1.6802791434758666
3	2	1.7149408153052974	1.7149408153052974
4	1	1.0441024853911609	1.0441024853911609
4	2	1.0359469098365999	1.0359469098365999
4	3	1.0396335892996131	1.0396335892996131
5	1	2.0726548193078362	2.0726548193078362
5	2	2.1048624658157604	2.1048624658157604
5	3	2.0899277499473516	2.0899277499473516
5	4	1.4978878462688725	1.4978878462688725
6	1	2.5591354008690947	3.0591354008690947
6	2	2.5687620330721925	3.0687620330721925
6	3	1.8789621657023527	2.3789621657023527
6	4	2.1254032558552267	2.1254032558552267
6	5	1.0792085062674401	1.0792085062674401
7	4	2.4267972721263722	2.4267972721263722
7	5	1.5395638992909648	1.5395638992909648
7	6	2.1307261672960238	2.1307261672960238
8	4	3.5223209702335816	3.6585230610492148
8	5	2.4609906541878614	2.4609906541878614
8	7	1.3111422501010330	1.3111422501010330
9	1	3.8386574070191877	4.3386574070191877
9	2	4.3910029421480026	4.8910029421480026
9	3	4.2079388313492210	4.7079388313492210
9	5	2.5854376805484982	2.5854376805484982
9	6	2.0417180627950979	2.5417180627950979
9	7	1.9888360917883612	1.9888360917883612
9	8	0.9895589926831054	0.9895589926831054
10	5	3.9166483120137299	3.9166483120137299
10	7	2.5236848059930148	2.5236848059930148
10	8	1.5164725516803790	1.5164725516803790
10	9	2.1301460043856157	2.1301460043856157
11	7	3.2001528180359369	3.5102747067785138
11	8	2.3934063591458932	2.3934063591458932
11	10	1.5544532800956110	1.5544532800956110
12	6	4.4368070201644887	4.9368070201644887
12	8	2.1466126804805756	2.1466126804805756
12	9	2.2350877709894759	2.7350877709894759
12	10	1.0840982427806072	1.0840982427806072
12	11	2.1606114875192173	2.1606114875192173
13	8	2.6014518153848480	3.0133532129277509
13	10	2.3405020828873457	2.3405020828873457
13	11	1.2940282068023086	1.2940282068023086
14	6	4.2265160494696898	4.7265160494696898
14	9	1.9840734426117761	2.4840734426117761
14	10	2.3399529909808030	2.3399529909808030
14	11	1.9404847332561002	1.9404847332561002
14	12	1.8713202140777168	2.3713202140777168
14	13	0.9803540176895283	0.9803540176895283
15	10	3.8099746718318213	3.8099746718318213
15	11	2.5130336249242640	2.5130336249242640
15	13	1.4918957738394447	1.4918957738394447
15	14	2.1013279134870873	2.1013279134870873
16	11	3.0348070898781843	3.0892671690608968
16	13	2.5929161189672145	2.5929161189672145
16	15	1.5398399267456340	1.5398399267456340
17	9	3.6529388378634593	4.1529388378634593
17	12	4.1888201722819165	4.6888201722819165
17	13	2.1042038874595774	2.1042038874595774
17	14	2.1456494905197028	2.6456494905197028
17	15	1.0790797004855586	1.0790797004855586
17	16	2.1090922217864247	2.1090922217864247
18	13	2.9893573747166871	3.3478538374286009
18	15	2.2496337479687667	2.2496337479687667
18	16	1.2997611319007809	1.2997611319007809
19	6	4.6098559018217324	5.0000000000000000
19	9	4.1000424041610888	4.6000424041610888
19	14	3.1789161575473184	3.6789161575473184
19	15	2.1447787764708979	2.1447787764708979
19	16	1.9043641983612269	1.9043641983612269
19	17	1.5713414801446124	2.0713414801446124
19	18	0.9775520446503091	0.9775520446503091
20	15	3.7327638553757998	3.7327638553757998
20	16	2.5254712431544335	2.5254712431544335
20	18	1.4951100293958304	1.4951100293958304
20	19	2.1376178330094460	2.1376178330094460
21	16	3.3091015723506292	3.5231776640089234
21	18	2.2733897598080275	2.2733897598080275
21	20	1.5228062910298217	1.5228062910298217
22	17	3.7811495997895195	4.2811495997895195
22	18	2.1470577542301932	2.1470577542301932
22	19	2.2928044488676802	2.7928044488676802
22	20	1.0800124999276624	1.0800124999276624
22	21	2.1567735161578745	2.1567735161578745
23	18	2.6205993206156561	3.0359070535215471
23	20	2.3774467396768335	2.3774467396768335
23	21	1.3010495763036860	1.3010495763036860
24	17	4.3594324955404398	4.8594324955404398
24	19	2.8713983064333597	3.3713983064333597
24	20	2.4201656968067309	2.4201656968067309
24	21	1.9468305010965909	1.9468305010965909
24	22	3.1674611486291888	3.6674611486291888
24	23	0.9822957803024509	0.9822957803024509
25	20	3.8534116053180725	3.8534116053180725
25	21	2.5215388158820793	2.5215388158820793
25	23	1.5210489801449520	1.5210489801449520
25	24	2.1555502777713165	2.1555502777713165
26	21	2.9973522934118937	3.1243789994692981
26	23	2.6072226602267783	2.6072226602267783
26	25	1.5518292431836691	1.5518292431836691
27	1	4.3967253442006511	4.8967253442006511
27	3	4.5505013609618068	5.0000000000000000
27	23	2.1277755990705400	2.1277755990705400
27	24	2.3586309948192530	2.8586309948192530
27	25	1.0798384138379218	1.0798384138379218
27	26	2.1478763930915568	2.1478763930915568
28	23	2.9454309452700116	3.2771928599364677
28	25	2.3970054234398384	2.3970054234398384
28	26	1.3020986905761023	1.3020986905761023
29	3	4.5893207955326654	5.0000000000000000
29	19	4.6914726470003547	5.0000000000000000
29	22	4.3692091124801884	4.8692091124801884
29	24	3.6100363882599678	4.1100363882599673
29	25	2.4116208242590700	2.4116208242590700
29	26	1.9358452934054411	1.9358452934054411
29	27	2.0956863638093663	2.5956863638093663
29	28	0.9796672904614101	0.9796672904614101
30	25	3.8657404206697583	3.8657404206697583
30	26	2.5132200460763476	2.5132200460763476
30	28	1.5106985139332068	1.5106985139332068
30	29	2.1539475388226155	2.1539475388226155
31	26	3.0973436603847975	3.4153301052365106
31	28	2.4867217375492578	2.4867217375492578
31	30	1.5424354119378874	1.5424354119378874
32	27	4.2553511797945127	4.7553511797945127
32	28	2.1263889578343851	2.1263889578343851
32	29	2.1223053330768411	2.6223053330768411
32	30	1.0828591782868173	1.0828591782868173
32	31	2.1248348171093210	2.1248348171093210
33	28	2.8280043165870494	3.1713941372989409
33	30	2.4471971722768888	2.4471971722768888
33	31	1.3185950856877937	1.3185950856877937
34	1	3.8266544503632973	4.3266544503632973
34	2	4.0017764626512538	4.5017764626512538
34	3	2.3691187698096523	2.8691187698096523
34	6	2.6332771954347791	3.1332771954347791
34	9	4.5399573029640186	5.0000000000000000
34	19	4.4232893919663363	4.9232893919663363
34	27	4.4928933144697831	4.9928933144697831
34	29	3.4493861624858280	3.9493861624858280
34	30	2.5042166439827049	2.5042166439827049
34	31	1.9533146187954473	1.9533146187954473
34	32	3.3090892093180435	3.8090892093180435
34	33	0.9748779410777547	0.9748779410777547
35	30	3.9132025247870832	3.9132025247870832
35	31	2.5216504515891964	2.5216504515891964
35	33	1.5351742572099110	1.5351742572099110
35	34	2.1920225820004702	2.1920225820004702
36	31	2.9428821990881491	3.0128963492124603
36	33	2.5966264652429318	2.5966264652429318
36	35	1.5408870821705265	1.5408870821705265
37	3	4.2879007134820544	4.7879007134820544
37	6	3.8027634499804055	4.3027634499804055
37	33	2.1415354304797294	2.1415354304797294
37	34	2.4406224138457704	2.9406224138457704
37	35	1.0799249973956522	1.0799249973956522
37	36	2.1144595054055779	2.1144595054055779
38	33	2.8070346886115609	3.0995990822931123
38	35	2.3905637410451948	2.3905637410451948
38	36	1.3078050313406815	1.3078050313406815
39	17	4.5557318762691592	5.0000000000000000
39	19	3.3404915884901785	3.8404915884901785
39	22	3.3968201978709489	3.8968201978709489
39	29	3.8951650656009118	4.3951650656009118
39	32	3.9515770075467040	4.4515770075467040
39	34	3.0708202287131998	3.5708202287131998
39	35	2.4414729160897934	2.4414729160897934
39	36	1.9604231686041673	1.9604231686041673
39	37	3.2554153388198874	3.7554153388198874
39	38	0.9779780161128367	0.9779780161128367
40	35	3.8412255856692399	3.8412255856692399
40	36	2.4820437143612115	2.4820437143612115
40	38	1.5100546347731931	1.5100546347731931
40	39	2.1636926768836653	2.1636926768836653
41	36	2.8659660122475463	3.0705650848420172
41	38	2.5448891920867607	2.5448891920867607
41	40	1.5439255163381431	1.5439255163381431
42	22	4.3950415059019949	4.8950415059019949
42	38	2.1354655230183432	2.1354655230183432
42	39	2.4846306401111140	2.9846306401111140
42	40	1.0795508325224901	1.0795508325224901
42	41	2.1289349449901001	2.1289349449901001
43	38	2.7885785031475225	3.1091869241556367
43	40	2.3945341926980284	2.3945341926980284
43	41	1.3066606292377523	1.3066606292377523
44	32	3.7738435784051294	4.2738435784051294
44	34	4.6818411970549629	5.0000000000000000
44	37	4.1739940900693808	4.6739940900693808
44	39	3.0402779998799119	3.5402779998799119
44	40	2.4596694899925069	2.4596694899925069
44	41	1.9680462392941893	1.9680462392941893
44	42	3.2364180955510826	3.7364180955510826
44	43	0.9786255668027487	0.9786255668027487
45	40	3.8344304661839934	3.8344304661839934
45	41	2.4719031129880471	2.4719031129880471
45	43	1.4988078596004222	1.4988078596004222
45	44	2.1444069110129260	2.1444069110129260
46	41	2.8764690723752939	3.1659098484778045
46	43	2.5032718589877532	2.5032718589877532
46	45	1.5495667136332021	1.5495667136332021
47	42	4.5902505216266185	5.0000000000000000
47	43	2.1331699416595944	2.1331699416595944
47	44	2.5087683696395233	3.0087683696395233
47	45	1.0807002359581492	1.0807002359581492
47	46	2.1330846209187291	2.1330846209187291
48	43	2.9506475403909618	3.3112030176981482
48	45	2.4068807614836265	2.4068807614836265
48	46	1.3038995360072798	1.3038995360072798
49	37	4.0767325632486848	4.5767325632486848
49	44	2.8337260275627632	3.3337260275627632
49	45	2.4197140326906399	2.4197140326906399
49	46	1.9303556667101529	1.9303556667101529
49	47	3.2230426763917515	3.7230426763917515
49	48	0.9777376948854942	0.9777376948854942
50	45	3.8547023231372872	3.8547023231372872
50	46	2.4787579551057419	2.4787579551057419
50	48	1.5086540358876184	1.5086540358876184
50	49	2.1871886064077781	2.1871886064077781
51	46	2.8189796052432849	3.0216982166489954
51	48	2.5195217800209622	2.5195217800209622
51	50	1.5497486893041721	1.5497486893041721
52	47	4.7824215757757855	5.0000000000000000
52	48	2.1164144206652913	2.1164144206652913
52	49	2.4836735895590838	2.9836735895590838
52	50	1.0803679928616923	1.0803679928616923
52	51	2.1382296415492892	2.1382296415492892
53	48	2.7429668261864832	3.0593972153603035
53	50	2.4077402268517254	2.4077402268517254
53	51	1.3078784347178447	1.3078784347178447
54	37	4.0448297123827137	4.5448297123827137
54	42	3.9339100235833815	4.4339100235833815
54	44	4.1420195654240706	4.6420195654240706
54	47	4.1997103229767818	4.6997103229767818
54	49	2.8904318972276526	3.3904318972276526
54	50	2.4756916205375821	2.4756916205375821
54	51	1.9716470272338300	1.9716470272338300
54	52	3.2503306279515827	3.7503306279515827
54	53	0.9823288655027903	0.9823288655027903
55	50	3.8421685283183504	3.8421685283183504
55	51	2.4510165238121102	2.4510165238121102
55	53	1.5139874504103401	1.5139874504103401
55	54	2.1929035546507740	2.1929035546507740
56	51	2.8821666548548452	3.2090239637001612
56	53	2.5057960810888025	2.5057960810888025
56	55	1.5425699335848595	1.5425699335848595
57	52	4.5819475279378361	5.0000000000000000
57	53	2.1454183741172725	2.1454183741172725
57	54	2.4751317348143611	2.9751317348143611
57	55	1.0781882952434605	1.0781882952434605
57	56	2.1290631742623329	2.1290631742623329
58	53	2.7949940042735180	3.1283996173255257
58	55	2.4241563480930841	2.4241563480930841
58	56	1.3093158518860144	1.3093158518860144
59	42	3.6606386650588543	4.1606386650588547
59	44	4.6361714268055625	5.0000000000000000
59	47	3.6142002027297724	4.1142002027297728
59	49	4.4942373098040598	4.9942373098040598
59	54	2.6423877499144384	3.1423877499144384
59	55	2.5272041864479409	2.5272041864479409
59	56	1.9813048730571479	1.9813048730571479
59	57	3.2736510530347331	3.7736510530347331
59	58	0.9767727473675754	0.9767727473675754
60	55	3.8533901956588821	3.8533901956588821
60	56	2.4587667640506288	2.4587667640506288
60	58	1.5101238359816720	1.5101238359816720
60	59	2.1630952359986377	2.1630952359986377
61	56	2.7677636150666385	3.0161583132849197
61	58	2.4892418524522681	2.4892418524522681
61	60	1.5293407076253476	1.5293407076253476
62	57	4.6415784989135345	5.0000000000000000
62	58	2.1232489255855045	2.1232489255855045
62	59	2.5515247755866564	3.0515247755866564
62	60	1.0822873925164240	1.0822873925164240
62	61	2.1293193748237953	2.1293193748237953
63	58	2.6567518915774073	2.9214787682104593
63	60	2.4008277739146551	2.4008277739146551
63	61	1.3062668180735511	1.3062668180735511
64	47	3.6902557707103267	4.1902557707103263
64	49	4.5181424043970759	5.0000000000000000
64	52	3.6023274138059169	4.1023274138059165
64	54	3.7173306787352920	4.2173306787352924
64	57	4.0499235705112016	4.5499235705112016
64	59	2.7297161773502538	3.2297161773502538
64	60	2.4699329950425781	2.4699329950425781
64	61	1.9612399139320005	1.9612399139320005
64	62	3.2478268954225573	3.7478268954225573
64	63	0.9793104717095595	0.9793104717095595
65	60	3.8144386218682294	3.8144386218682294
65	61	2.4355592786873412	2.4355592786873412
65	63	1.4968045964654171	1.4968045964654171
65	64	2.1801295833046250	2.1801295833046250
66	61	2.7574267154151917	3.0824535217984730
66	63	2.4498169319359357	2.4498169319359357
66	65	1.5504125257491959	1.5504125257491959
67	62	4.4657367949615052	4.9657367949615052
67	63	2.1189898536802865	2.1189898536802865
67	64	2.5894853482611295	3.0894853482611295
67	65	1.0805822504557441	1.0805822504557441
67	66	2.1445468052714540	2.1445468052714540
68	63	2.6987256270055862	3.0144549621730614
68	65	2.4483008393577781	2.4483008393577781
68	66	1.3139155223986052	1.3139155223986052
69	52	3.9466205825637539	4.4466205825637539
69	54	4.5879573392649844	5.0000000000000000
69	57	3.3383476825010043	3.8383476825010043
69	59	4.3307652250803379	4.8307652250803379
69	62	4.4236124442462295	4.9236124442462295
69	64	2.7861594230244515	3.2861594230244515
69	65	2.5434425489874934	2.5434425489874934
69	66	1.9799340898120823	1.9799340898120823
69	67	3.2884863673426694	3.7884863673426694
69	68	0.9823772187912339	0.9823772187912339
70	65	3.8708657946252805	3.8708657946252805
70	66	2.4575176499874831	2.4575176499874831
70	68	1.5110086035492980	1.5110086035492980
70	69	2.1839610802392975	2.1839610802392975
71	66	2.7575534007940949	3.0261425385861553
71	68	2.4918659675030677	2.4918659675030677
71	70	1.5498164407438706	1.5498164407438706
72	67	4.7739112072812748	5.0000000000000000
72	68	2.1259428496551829	2.1259428496551829
72	69	2.4934602791363609	2.9934602791363609
72	70	1.0796323448285532	1.0796323448285532
72	71	2.1319580202246007	2.1319580202246007
73	68	2.6692366844489843	2.9695028019507865
73	70	2.4086548113002824	2.4086548113002824
73	71	1.3059100275286961	1.3059100275286961
74	57	3.9836419358063173	4.4836419358063173
74	59	4.7152693622737871	5.0000000000000000
74	62	3.3732924379994262	3.8732924379994262
74	64	4.0452224449822376	4.5452224449822376
74	67	4.3368539801566879	4.8368539801566879
74	69	2.5676470420340620	3.0676470420340620
74	70	2.4610276308891774	2.4610276308891774
74	71	1.9614877007006695	1.9614877007006695
74	72	3.2444586270927065	3.7444586270927065
74	73	0.9851350161272310	0.9851350161272310
75	70	3.8537074357039609	3.8537074357039609
75	71	2.4746987695475178	2.4746987695475178
75	73	1.5092438504098666	1.5092438504098666
75	74	2.1762173604674695	2.1762173604674695
76	71	2.8748007239476459	3.1630168856833905
76	73	2.5219726406128991	2.5219726406128991
76	75	1.5624983199990965	1.5624983199990965
77	72	4.6053911295077610	5.0000000000000000
77	73	2.1296858923324820	2.1296858923324820
77	74	2.5504221501142497	3.0504221501142497
77	75	1.0785309453140417	1.0785309453140417
77	76	2.1581302092320565	2.1581302092320565
78	73	2.8213599822962032	3.1763668135238947
78	75	2.4136198955096471	2.4136198955096471
78	76	1.3127627356076192	1.3127627356076192
79	62	3.6092114330904130	4.1092114330904135
79	64	4.5473055889290528	5.0000000000000000
79	67	3.3636917804172395	3.8636917804172395
79	69	4.3582707896757578	4.8582707896757578
79	74	2.5768252309006270	3.0768252309006270
79	75	2.4364059596052545	2.4364059596052545
79	76	1.9529344587056681	1.9529344587056681
79	77	3.1628156849547264	3.6628156849547264
79	78	0.9817428380181850	0.9817428380181850
80	75	3.8840507205751056	3.8840507205751056
80	76	2.5168871647334532	2.5168871647334532
80	78	1.5180681802870384	1.5180681802870384
80	79	2.1680184501059947	2.1680184501059947
81	76	2.8997953524254068	3.1400548674952513
81	78	2.5083071980919724	2.5083071980919724
81	80	1.5183919125179770	1.5183919125179770
82	77	4.7474957876448576	5.0000000000000000
82	78	2.1382656523453769	2.1382656523453769
82	79	2.5749269583739856	3.0749269583739856
82	80	1.0790787737695522	1.0790787737695522
82	81	2.1186979492131486	2.1186979492131486
83	78	2.6136198410750442	2.8079427040016007
83	80	2.3636382972020065	2.3636382972020065
83	81	1.2973488351249249	1.2973488351249249
84	67	3.7070158630856822	4.2070158630856822
84	69	4.5466847454312056	5.0000000000000000
84	72	3.6627407509544638	4.1627407509544643
84	74	3.7968577364190628	4.2968577364190628
84	77	3.9771469164376381	4.4771469164376381
84	79	2.4478199286473874	2.9478199286473874
84	80	2.4390379250843970	2.4390379250843970
84	81	1.9649198456934571	1.9649198456934571
84	82	3.2252307347129059	3.7252307347129059
84	83	0.9812165917879700	0.9812165917879700
85	80	3.7681468920412327	3.7681468920412327
85	81	2.4120507871933374	2.4120507871933374
85	83	1.4832346409115447	1.4832346409115447
85	84	2.1622231614706191	2.1622231614706191
86	81	2.9276084890408369	3.2861340784123843
86	83	2.4372777847426419	2.4372777847426419
86	85	1.5401344097188399	1.5401344097188399
87	82	4.4129208481346582	4.9129208481346582
87	83	2.0903454260002103	2.0903454260002103
87	84	2.8026914840301784	3.3026914840301784
87	85	1.0685452727891322	1.0685452727891322
87	86	2.1263459267014859	2.1263459267014859
88	83	2.8321690954322811	3.1872969388579002
88	85	2.4341546787334614	2.4341546787334614
88	86	1.3052589781342245	1.3052589781342245
89	72	3.5052760725241301	4.0052760725241301
89	74	4.6142946457205998	5.0000000000000000
89	77	3.7883356494920246	4.2883356494920246
89	79	4.4790079939113259	4.9790079939113259
89	84	2.5093092048753531	3.0093092048753531
89	85	2.5208621541052181	2.5208621541052181
89	86	1.9635391516341101	1.9635391516341101
89	87	3.2285953901297173	3.7285953901297173
89	88	0.9797025058659390	0.9797025058659390
90	85	3.8694024086414172	3.8694024086414172
90	86	2.4794291681756109	2.4794291681756109
90	88	1.5037918738974492	1.5037918738974492
90	89	2.1502002232350366	2.1502002232350366
91	86	2.8708816228779717	3.0227791799001169
91	88	2.5574027840760634	2.5574027840760634
91	90	1.5547466031479211	1.5547466031479211
92	87	4.7797396321464474	5.0000000000000000
92	88	2.1128213365071833	2.1128213365071833
92	89	2.5112329897519055	3.0112329897519055
92	90	1.0810892655095601	1.0810892655095601
92	91	2.1337485793785547	2.1337485793785547
93	88	2.7926156509773228	3.1002529117578379
93	90	2.4050596666195205	2.4050596666195205
93	91	1.3078291172779417	1.3078291172779417
94	77	3.6735541108856871	4.1735541108856875
94	82	4.2113223977432455	4.7113223977432455
94	84	3.9412047698983574	4.4412047698983574
94	87	4.4026842825221424	4.9026842825221424
94	89	3.0713260255834318	3.5713260255834318
94	90	2.4405626400483968	2.4405626400483968
94	91	1.9562972677995545	1.9562972677995545
94	92	3.2883002118244917	3.7883002118244917
94	93	0.9840193087536446	0.9840193087536446
95	90	3.8546858497159011	3.8546858497159011
95	91	2.4850420519580751	2.4850420519580751
95	93	1.5049315599056323	1.5049315599056323
95	94	2.1661765855996138	2.1661765855996138
96	91	2.9568358538468433	3.0809639478561253
96	93	2.6158841717476715	2.6158841717476715
96	95	1.5683893011621830	1.5683893011621830
97	93	2.1087218877794198	2.1087218877794198
97	94	2.4709007273086177	2.9709007273086177
97	95	1.0834403536881945	1.0834403536881945
97	96	2.1373745577226280	2.1373745577226280
98	93	2.8572619320087287	3.1196824850107645
98	95	2.4318727351570022	2.4318727351570022
98	96	1.3113923897903328	1.3113923897903328
99	87	4.0763198663646687	4.5763198663646687
99	89	4.6839383436650435	5.0000000000000000
99	92	3.9011157763336710	4.4011157763336710
99	94	2.9523922203258022	3.4523922203258022
99	95	2.4752175661949396	2.4752175661949396
99	96	1.9575139846243759	1.9575139846243759
99	97	3.1372262345357185	3.6372262345357185
99	98	0.9779268888828040	0.9779268888828040
100	95	3.8740806651385049	3.8740806651385049
100	96	2.4735880821187672	2.4735880821187672
100	98	1.5096383672919820	1.5096383672919820
100	99	2.1791000435959798	2.1791000435959798
101	96	2.8854477835570598	3.0864543109254918
101	98	2.5696556189497457	2.5696556189497457
101	100	1.5451841314225307	1.5451841314225307
102	98	2.1164611973764131	2.1164611973764131
102	99	2.4799035967923029	2.9799035967923029
102	100	1.0773374587379758	1.0773374587379758
102	101	2.1092278207912964	2.1092278207912964
103	98	2.7978365526035933	3.0837598652534335
103	100	2.4019764778198804	2.4019764778198804
103	101	1.3030230235878413	1.3030230235878413
104	92	4.2419160900805197	4.7419160900805197
104	97	4.1108470728631366	4.6108470728631366
104	99	2.8881681116047710	3.3881681116047710
104	100	2.4656133111256517	2.4656133111256517
104	101	1.9630631676031214	1.9630631676031214
104	102	3.2061417438103192	3.7061417438103192
104	103	0.9816771363335297	0.9816771363335297
105	100	3.8300138380951050	3.8300138380951050
105	101	2.4476433563736362	2.4476433563736362
105	103	1.5008960656887604	1.5008960656887604
105	104	2.1734104536419250	2.1734104536419250
106	101	2.8644052531092719	3.0786464300783996
106	103	2.5668067710678963	2.5668067710678963
106	105	1.5483307140272065	1.5483307140272065
107	102	4.7386831486841503	5.0000000000000000
107	103	2.1090201516344034	2.1090201516344034
107	104	2.5165256359289252	3.0165256359289252
107	105	1.0787126586816347	1.0787126586816347
107	106	2.1287867436640995	2.1287867436640995
108	103	2.7883889551969601	3.0768881928486755
108	105	2.3950208767357335	2.3950208767357335
108	106	1.3018713454101369	1.3018713454101369
109	97	3.8651923756973527	4.3651923756973527
109	99	4.6051477849075964	5.0000000000000000
109	102	4.3330524117278930	4.8330524117278930
109	104	2.9440912532050723	3.4440912532050723
109	105	2.4458522032207912	2.4458522032207912
109	106	1.9541814143011382	1.9541814143011382
109	107	3.1806062102516819	3.6806062102516819
109	108	0.9756249279308105	0.9756249279308105
110	105	3.8203362417462676	3.8203362417462676
110	106	2.4443913352816486	2.4443913352816486
110	108	1.4925099664658856	1.4925099664658856
110	109	2.1594383529056804	2.1594383529056804
111	106	3.0325175510086857	3.3742565215886722
111	108	2.4604692641851882	2.4604692641851882
111	110	1.5327064298162256	1.5327064298162256
112	107	4.4465599685927968	4.9465599685927968
112	108	2.1189407731222687	2.1189407731222687
112	109	2.6852819962716286	3.1852819962716286
112	110	1.0828730304149232	1.0828730304149232
112	111	2.1346402507214179	2.1346402507214179
113	108	2.6446437940669814	2.9103216394276830
113	110	2.4169762100608270	2.4169762100608270
113	111	1.3104575536811560	1.3104575536811560
114	97	4.0145479638852795	4.5145479638852795
114	99	4.6076367197308743	5.0000000000000000
114	102	3.3458985215885106	3.8458985215885106
114	104	4.1389510604069990	4.6389510604069990
114	107	4.6615452138030049	5.0000000000000000
114	109	2.1710555365223718	2.6710555365223718
114	110	2.5151471129935916	2.5151471129935916
114	111	1.9810133770371168	1.9810133770371168
114	112	3.2794895075147945	3.7794895075147945
114	113	0.9821491740056603	0.9821491740056603
115	110	3.8434278970731324	3.8434278970731324
115	111	2.4553030362869670	2.4553030362869670
115	113	1.5115389508709329	1.5115389508709329
115	114	2.1795529358104613	2.1795529358104613
116	111	2.8098104775588850	3.0904607890579574
116	113	2.5152075461082721	2.5152075461082721
116	115	1.5513249176107491	1.5513249176107491
117	112	4.6962986262618269	5.0000000000000000
117	113	2.0928853289179510	2.0928853289179510
117	114	2.5435865102952357	3.0435865102952357
117	115	1.0742788278654662	1.0742788278654662
117	116	2.1232687064994860	2.1232687064994860
118	113	2.6432762391229581	2.9270722133743772
118	115	2.3809853002486174	2.3809853002486174
118	116	1.3020253453754269	1.3020253453754269
119	102	3.3490268476589553	3.8490268476589553
119	104	4.6778159793498384	5.0000000000000000
119	107	4.1193512516047708	4.6193512516047708
119	109	3.7490707821214779	4.2490707821214784
119	112	3.8022736699501110	4.3022736699501110
119	114	2.5415592709133716	3.0415592709133716
119	115	2.4110120281740612	2.4110120281740612
119	116	1.9500251280432257	1.9500251280432257
119	117	3.1437283981433044	3.6437283981433044
119	118	0.9783250993407048	0.9783250993407048
120	115	3.8116900451112223	3.8116900451112223
120	116	2.4517132785054616	2.4517132785054616
120	118	1.4875247897094008	1.4875247897094008
120	119	2.1533587717795646	2.1533587717795646
121	116	3.0996356110749788	3.4328349573678518
121	118	2.5021922388177922	2.5021922388177922
121	120	1.5558772445151321	1.5558772445151321
122	117	4.3666094362573089	4.8666094362573089
122	118	2.1114748400111232	2.1114748400111232
122	119	2.7500841530760334	3.2500841530760334
122	120	1.0847091776139817	1.0847091776139817
122	121	2.1443096791275278	2.1443096791275278
123	118	2.7408710720495466	2.9639548038773347
123	120	2.4703799302941238	2.4703799302941238
123	121	1.3121589080595384	1.3121589080595384
124	107	4.0918013821763521	4.5918013821763521
124	109	3.9778749998021183	4.4778749998021183
124	112	2.6725220958795908	3.1725220958795908
124	114	3.7914514184854315	4.2914514184854315
124	117	4.4917327240878002	4.9917327240878002
124	119	2.0658279555509762	2.5658279555509762
124	120	2.5700904653338559	2.5700904653338559
124	121	1.9727343967194357	1.9727343967194357
124	122	3.2958214153356726	3.7958214153356726
124	123	0.9790709882332321	0.9790709882332321
125	120	3.9024077183195502	3.9024077183195502
125	121	2.4761393337209436	2.4761393337209436
125	123	1.5180965054962747	1.5180965054962747
125	124	2.1790927011029151	2.1790927011029151
126	121	2.8631496938242309	3.0337503872115725
126	123	2.5747483372166688	2.5747483372166688
126	125	1.5525598217138039	1.5525598217138039
127	112	3.9204212199461370	4.4204212199461370
127	123	2.1270714609528292	2.1270714609528292
127	124	2.4346502999630730	2.9346502999630730
127	125	1.0798027597668012	1.0798027597668012
127	126	2.1257822089762630	2.1257822089762630
128	123	2.8304829862941987	3.1405841629389015
128	125	2.3994236808033715	2.3994236808033715
128	126	1.2924906189214680	1.2924906189214680
129	112	3.8516476274380222	4.3516476274380222
129	119	4.4726495737861516	4.9726495737861516
129	122	4.1485373922580235	4.6485373922580235
129	124	2.9509484117398856	3.4509484117398856
129	125	2.4182795537323636	2.4182795537323636
129	126	1.9269722364372561	1.9269722364372561
129	127	3.2306819811727960	3.7306819811727960
129	128	0.9790229823655833	0.9790229823655833
130	125	3.8448175509378850	3.8448175509378850
130	126	2.4637877343634940	2.4637877343634940
130	128	1.5062210993077998	1.5062210993077998
130	129	2.1831083344625837	2.1831083344625837
131	126	2.9514966466895332	3.1379105412704904
131	128	2.6182671750606370	2.6182671750606370
131	130	1.5674134744859147	1.5674134744859147
132	127	4.6786451980447543	5.0000000000000000
132	128	2.1001433284421323	2.1001433284421323
132	129	2.5753123086128977	3.0753123086128977
132	130	1.0795804740731469	1.0795804740731469
132	131	2.1178595326413889	2.1178595326413889
133	128	2.8118151938906419	2.9069695671061644
133	130	2.4282693425565460	2.4282693425565460
133	131	1.2981714062480354	1.2981714062480354
134	122	3.8851081044120006	4.3851081044120006
134	124	4.2763062374622409	4.7763062374622409
134	127	3.5875800543757599	4.0875800543757599
134	129	2.7042824048015786	3.2042824048015786
134	130	2.4682143342910883	2.4682143342910883
134	131	1.9364325446552484	1.9364325446552484
134	132	3.0713595747097240	3.5713595747097240
134	133	0.9697453273927109	0.9697453273927109
135	130	3.8878298573883097	3.8878298573883097
135	131	2.5085585502435452	2.5085585502435452
135	133	1.5015342153943745	1.5015342153943745
135	134	2.1183864142313582	2.1183864142313582
136	131	3.2230206265207961	3.5091269765218649
136	133	2.3629443497467304	2.3629443497467304
136	135	1.5324995921696030	1.5324995921696030
137	132	4.4211949259232739	4.9211949259232739
137	133	2.1497002116574317	2.1497002116574317
137	134	2.7958297233386578	3.2958297233386578
137	135	1.0774683290009059	1.0774683290009059
137	136	2.1329671821197822	2.1329671821197822
138	133	2.4952969037037649	2.8362060393555186
138	135	2.3861074996738934	2.3861074996738934
138	136	1.3060727391688405	1.3060727391688405
139	122	3.7274805106637872	4.2274805106637867
139	124	4.2548383863696015	4.7548383863696015
139	127	3.1538895849887054	3.6538895849887054
139	129	3.9050483036719950	4.4050483036719950
139	132	4.5841904739073938	5.0000000000000000
139	134	1.6247761563765444	2.1247761563765444
139	135	2.4290403454862584	2.4290403454862584
139	136	1.9483670085484410	1.9483670085484410
139	137	3.3082358739906930	3.8082358739906930
139	138	0.9736251845551253	0.9736251845551253
140	135	3.8382523366761587	3.8382523366761587
140	136	2.4893826543944573	2.4893826543944573
140	138	1.5072564479875348	1.5072564479875348
140	139	2.1546479990940526	2.1546479990940526
141	136	3.0391718767446969	3.3813773265047438
141	138	2.4680204618276567	2.4680204618276567
141	140	1.5658004342827339	1.5658004342827339
142	127	4.4870545040819581	4.9870545040819581
142	134	4.2682587652346591	4.7682587652346591
142	137	4.5543337935329209	5.0000000000000000
142	138	2.1371721970866089	2.1371721970866089
142	139	2.6841287457883358	3.1841287457883358
142	140	1.0832557408110060	1.0832557408110060
142	141	2.1602675760192303	2.1602675760192303
143	138	2.5908256482793943	2.9306225362625398
143	140	2.3704408872612701	2.3704408872612701
143	141	1.2976968058834077	1.2976968058834077
144	127	4.2766185976229352	4.7766185976229352
144	134	3.4320892859993783	3.9320892859993783
144	137	3.4224318048635349	3.9224318048635349
144	139	2.8804321609045394	3.3804321609045394
144	140	2.3511584378769523	2.3511584378769523
144	141	1.9225433675212615	1.9225433675212615
144	142	2.3287191880059588	2.8287191880059588
144	143	0.9730806749699630	0.9730806749699630
145	140	3.8384555487852130	3.8384555487852130
145	141	2.4996299726159457	2.4996299726159457
145	143	1.5030665321269041	1.5030665321269041
145	144	2.1486882044633653	2.1486882044633653
146	141	3.4224517533752246	3.6616552323749496
146	143	2.4842546165801913	2.4842546165801913
146	145	1.5271430843244522	1.5271430843244522
147	127	4.1982733585637195	4.6982733585637195
147	142	4.2894586416691318	4.7894586416691318
147	143	2.1302631292870839	2.1302631292870839
147	144	2.7130110810867980	3.2130110810867980
147	145	1.0791663449162965	1.0791663449162965
147	146	2.1190058990007543	2.1190058990007543
148	143	2.5955671391838835	2.7098045718479251
148	145	2.3853536425444366	2.3853536425444366
148	146	1.3053895970169225	1.3053895970169225
149	137	3.9190626796190680	4.4190626796190680
149	139	4.4559869846384155	4.9559869846384155
149	142	3.2085805040469770	3.7085805040469770
149	144	1.4026972600479934	1.9026972600479934
149	145	2.4875632655271311	2.4875632655271311
149	146	1.9869587313278556	1.9869587313278556
149	147	3.0695764519108955	3.5695764519108955
149	148	0.9823660213993569	0.9823660213993569
150	145	3.8167142937348633	3.8167142937348633
150	146	2.4556094966423321	2.4556094966423321
150	148	1.5024579861014413	1.5024579861014413
150	149	2.1494583038523927	2.1494583038523927
151	146	3.3567124630600764	3.6303963417296456
151	148	2.4850281688544280	2.4850281688544280
151	150	1.5550141478456070	1.5550141478456070
152	144	4.2500395816744865	4.7500395816744865
152	147	4.3403835893023448	4.8403835893023448
152	148	2.1329840599498162	2.1329840599498162
152	149	2.7685027617001441	3.2685027617001441
152	150	1.0804448158050464	1.0804448158050464
152	151	2.1389871434863745	2.1389871434863745
