   0.0000000e+00
   1.8968112e+00
  -1.4796842e-01
   2.3622085e+00
  -4.0033025e-01
   1.4418517e+00
  -1.8002278e-01
  -6.0789681e-01
  -9.3889980e-01
  -5.8177232e-01
  -1.0991772e+00
  -7.1099473e-01
  -9.8181104e-01
  -7.5619759e-01
  -9.1393808e-01
  -7.7655702e-01
  -1.4167320e+00
  -4.3663446e-01
  -3.6869849e-01
  -5.9864154e-01
  -6.3715797e-01
  -1.5073668e+00
  -8.3199736e-01
  -1.5251989e+00
  -4.8389384e-01
  -5.8036582e-01
  -2.0020708e+00
  -1.4556173e+00
  -2.1711916e+00
  -2.1146346e+00
