   2.6929317e+00
   1.2216457e+00
   1.6381990e+00
  -1.3641102e+00
   1.1901076e+00
  -1.1215587e+00
  -8.6335519e-01
  -9.8338867e-01
  -1.4446420e+00
  -9.2836405e-01
  -1.0437927e+00
  -7.0087897e-01
  -9.0825653e-01
  -8.1884217e-01
  -1.1588651e+00
  -4.7736769e-01
  -1.2619888e+00
  -9.3442600e-01
  -7.9929984e-01
  -8.5743168e-01
  -8.6757814e-01
  -7.0711102e-01
  -7.4730448e-01
  -6.1916471e-01
  -9.8048343e-01
  -2.4761489e-01
  -8.6329692e-01
   9.0566228e-01
  -2.6168204e-01
   0.0000000e+00
