  -2.0412000e+01   1.1100000e-01   5.3620000e+00
  -1.9986000e+01  -1.1710000e+00   6.3880000e+00
  -1.8853000e+01   5.2000000e-02   5.9860000e+00
  -1.9642000e+01  -5.3400000e-01   5.6470000e+00
  -1.9212000e+01  -1.3020000e+00   4.4350000e+00
  -1.8183000e+01  -1.0770000e+00   4.2000000e+00
  -2.0079000e+01  -7.8400000e-01   3.2730000e+00
  -1.9681000e+01  -9.8500000e-01   2.0400000e+00
  -1.8834000e+01  -1.4720000e+00   1.8830000e+00
  -2.0399000e+01  -5.3600000e-01   7.8200000e-01
  -1.9470000e+01   5.9200000e-01   2.5200000e-01
  -2.0417000e+01  -1.3400000e+00   5.5000000e-02
  -1.8398000e+01   8.2000000e-02  -2.6300000e-01
  -1.8331000e+01  -8.9600000e-01  -2.5200000e-01
  -1.7234000e+01   7.8300000e-01  -8.7900000e-01
  -1.7287000e+01   2.3200000e+00  -9.5600000e-01
  -1.6346000e+01   5.4500000e-01  -3.1400000e-01
  -1.6814000e+01   2.7190000e+00   1.8700000e-01
  -1.6552000e+01   1.9770000e+00   7.6700000e-01
  -1.6633000e+01   4.1120000e+00   6.9900000e-01
  -1.7070000e+01   3.8610000e+00   2.1360000e+00
  -1.5600000e+01   4.4250000e+00   6.6200000e-01
  -1.8358000e+01   3.7800000e+00   2.3010000e+00
  -1.8908000e+01   3.8930000e+00   1.4950000e+00
  -1.9087000e+01   3.5230000e+00   3.6110000e+00
  -1.8250000e+01   2.8650000e+00   4.7400000e+00
  -1.9470000e+01   4.4620000e+00   3.9820000e+00
  -1.7366000e+01   3.6580000e+00   5.2740000e+00
  -1.7332000e+01   4.5620000e+00   4.8980000e+00
  -1.6401000e+01   3.3100000e+00   6.3830000e+00
  -1.5244000e+01   2.4730000e+00   5.8000000e+00
  -1.5963000e+01   4.2220000e+00   6.7690000e+00
  -1.5538000e+01   1.2770000e+00   5.3290000e+00
  -1.6475000e+01   1.0140000e+00   5.3860000e+00
  -1.4508000e+01   3.2100000e-01   4.7110000e+00
  -1.3158000e+01   9.6400000e-01   4.3390000e+00
  -1.4285000e+01  -4.5700000e-01   5.4260000e+00
  -1.3271000e+01   2.0760000e+00   3.6600000e+00
  -1.4175000e+01   2.3910000e+00   3.4600000e+00
  -1.2086000e+01   2.8900000e+00   3.1980000e+00
  -1.0927000e+01   2.8950000e+00   4.2180000e+00
  -1.1697000e+01   2.4850000e+00   2.2760000e+00
  -1.1270000e+01   3.3030000e+00   5.4110000e+00
  -1.2208000e+01   3.5330000e+00   5.5690000e+00
  -1.0310000e+01   3.3990000e+00   6.5580000e+00
  -9.5140000e+00   2.0780000e+00   6.7080000e+00
  -9.5890000e+00   4.1850000e+00   6.3840000e+00
  -1.0149000e+01   1.1260000e+00   7.3330000e+00
  -1.1040000e+01   1.3690000e+00   7.6540000e+00
  -9.5650000e+00  -2.4400000e-01   7.5740000e+00
  -8.5550000e+00  -6.1900000e-01   6.4600000e+00
  -9.0240000e+00  -2.2700000e-01   8.5090000e+00
  -9.0190000e+00  -5.0000000e-01   5.2430000e+00
  -9.9430000e+00  -1.8700000e-01   5.1280000e+00
  -8.1420000e+00  -8.2700000e-01   4.0530000e+00
  -6.9290000e+00   1.2500000e-01   4.0100000e+00
  -7.7590000e+00  -1.8320000e+00   4.1290000e+00
  -7.1970000e+00   1.3950000e+00   3.8380000e+00
  -8.1270000e+00   1.6830000e+00   3.7590000e+00
  -6.0960000e+00   2.4270000e+00   3.7810000e+00
  -5.0830000e+00   2.1720000e+00   4.8980000e+00
  -5.5800000e+00   2.3360000e+00   2.8340000e+00
  -5.5930000e+00   1.8440000e+00   6.0550000e+00
  -6.5690000e+00   1.8010000e+00   6.1230000e+00
  -4.7030000e+00   1.5540000e+00   7.2230000e+00
  -3.7780000e+00   3.8100000e-01   6.8080000e+00
  -4.0790000e+00   2.4130000e+00   7.4240000e+00
  -4.3560000e+00  -7.4800000e-01   6.4650000e+00
  -5.3370000e+00  -7.9600000e-01   6.4850000e+00
  -3.5310000e+00  -1.9390000e+00   6.0360000e+00
  -2.3820000e+00  -1.4520000e+00   5.1170000e+00
  -3.0720000e+00  -2.3840000e+00   6.9060000e+00
  -2.7620000e+00  -7.0300000e-01   4.1170000e+00
  -3.7270000e+00  -5.2400000e-01   4.0320000e+00
  -1.7950000e+00  -1.2100000e-01   3.1150000e+00
  -6.9300000e-01   7.1300000e-01   3.8440000e+00
  -1.3110000e+00  -9.1800000e-01   2.5730000e+00
  -1.1570000e+00   1.7580000e+00   4.4890000e+00
  -2.1280000e+00   1.8950000e+00   4.4420000e+00
  -3.2000000e-01   2.7390000e+00   5.2900000e+00
   6.5200000e-01   2.0180000e+00   6.2070000e+00
   2.5100000e-01   3.3620000e+00   4.6190000e+00
   1.8900000e-01   9.1000000e-01   6.6980000e+00
  -7.2700000e-01   6.4300000e-01   6.4690000e+00
   1.0290000e+00   8.6000000e-02   7.6010000e+00
   2.0000000e+00  -7.2100000e-01   6.7190000e+00
   1.6110000e+00   7.3400000e-01   8.2200000e+00
   1.4950000e+00  -1.6810000e+00   5.9930000e+00
   5.2500000e-01  -1.8150000e+00   6.0240000e+00
   2.3100000e+00  -2.5590000e+00   5.0840000e+00
   3.5920000e+00  -1.8670000e+00   4.5410000e+00
   2.6370000e+00  -3.4240000e+00   5.6440000e+00
   3.3620000e+00  -7.6100000e-01   3.8820000e+00
   2.4210000e+00  -4.8400000e-01   3.8040000e+00
   4.4390000e+00   9.0000000e-02   3.2650000e+00
   5.8710000e+00  -2.1000000e-02   3.8950000e+00
   4.5460000e+00  -2.0500000e-01   2.2280000e+00
   5.8960000e+00  -7.6000000e-02   5.2050000e+00
   5.0320000e+00  -6.7000000e-02   5.6630000e+00
   7.1840000e+00  -1.8400000e-01   5.9850000e+00
   8.2720000e+00  -1.0490000e+00   5.3100000e+00
   7.6120000e+00   8.0000000e-01   6.0810000e+00
   7.8850000e+00  -2.2470000e+00   4.9740000e+00
   6.9500000e+00  -2.4910000e+00   5.1470000e+00
   8.8210000e+00  -3.2150000e+00   4.3110000e+00
   9.8410000e+00  -2.5670000e+00   3.3430000e+00
   9.3910000e+00  -3.7200000e+00   5.0750000e+00
   9.2980000e+00  -1.8510000e+00   2.4010000e+00
   8.3260000e+00  -1.7670000e+00   2.4030000e+00
   1.0119000e+01  -1.1580000e+00   1.3650000e+00
   1.0611000e+01   1.7700000e-01   1.9350000e+00
   1.0985000e+01  -1.7610000e+00   1.1220000e+00
   9.7200000e+00   9.0000000e-01   2.5680000e+00
   8.8040000e+00   5.5600000e-01   2.6530000e+00
   1.0095000e+01   2.2330000e+00   3.1740000e+00
   1.1472000e+01   2.1370000e+00   3.8820000e+00
   1.0218000e+01   2.9220000e+00   2.3590000e+00
   1.1618000e+01   1.0320000e+00   4.5550000e+00
   1.0858000e+01   4.1600000e-01   4.5630000e+00
   1.2857000e+01   7.0400000e-01   5.3100000e+00
   1.3860000e+01  -6.9000000e-02   4.4060000e+00
   1.3344000e+01   1.6230000e+00   5.6180000e+00
   1.3389000e+01  -9.3300000e-01   3.5380000e+00
   1.2419000e+01  -1.0570000e+00   3.4900000e+00
   1.4301000e+01  -1.7210000e+00   2.6150000e+00
   1.5597000e+01  -9.6600000e-01   2.2140000e+00
   1.4618000e+01  -2.6190000e+00   3.1240000e+00
   1.5401000e+01   1.6400000e-01   1.6180000e+00
   1.4463000e+01   4.1300000e-01   1.4890000e+00
   1.6522000e+01   1.0540000e+00   1.1490000e+00
   1.7728000e+01   1.2490000e+00   2.1310000e+00
   1.6953000e+01   5.9700000e-01   2.7100000e-01
   1.7508000e+01   9.0400000e-01   3.3630000e+00
   1.6629000e+01   5.4600000e-01   3.5620000e+00
   1.8473000e+01   9.7800000e-01   4.5110000e+00
   1.8624000e+01  -4.9500000e-01   4.9060000e+00
   1.9437000e+01   1.3470000e+00   4.2020000e+00
   1.7491000e+01  -1.1190000e+00   5.0870000e+00
   1.6679000e+01  -5.9800000e-01   4.9560000e+00
   1.7373000e+01  -2.5720000e+00   5.4700000e+00
   1.7492000e+01  -3.4010000e+00   4.1470000e+00
   1.8196000e+01  -2.8550000e+00   6.1150000e+00
   1.8503000e+01  -3.0110000e+00   3.4330000e+00
   1.9022000e+01  -2.2840000e+00   3.8190000e+00
   1.8923000e+01  -3.5760000e+00   2.1050000e+00
   2.0429000e+01  -3.8290000e+00   2.0940000e+00
   1.8433000e+01  -4.5220000e+00   1.9330000e+00
   2.1085000e+01  -3.2340000e+00   3.0530000e+00
   2.0604000e+01  -2.6750000e+00   3.7020000e+00
   2.2573000e+01  -3.3780000e+00   3.2030000e+00
   2.2871000e+01  -4.1140000e+00   4.5400000e+00
   2.2972000e+01  -3.9900000e+00   2.4070000e+00
