2	1	1.6989299573555114	1.6989299573555114
3	1	1.6965105363657487	1.6965105363657487
3	2	1.6993890078495861	1.6993890078495861
4	1	1.0395316253005482	1.0395316253005482
4	2	1.0408251534239552	1.0408251534239552
4	3	1.0399432676833866	1.0399432676833866
5	1	2.0847006979420328	2.0847006979420328
5	2	2.0831442580867985	2.0831442580867985
5	3	2.0839743280568501	2.0839743280568501
5	4	1.4918394685756238	1.4918394685756238
6	1	2.7874513313822851	3.2874513313822851
6	2	2.1958910812993166	2.6958910812993166
6	3	2.2197056932141632	2.7197056932141632
6	4	2.1252054018376669	2.1252054018376669
6	5	1.0783547653717676	1.0783547653717676
7	4	2.4801683410607431	2.4801683410607431
7	5	1.5314052370290498	1.5314052370290498
7	6	2.1595659286069506	2.1595659286069506
8	4	3.3065455367834726	3.5833343128211723
8	5	2.4288081439257403	2.4288081439257403
8	7	1.3064252753219372	1.3064252753219372
9	1	4.1055535068240570	4.6055535068240570
9	2	4.0743936652621615	4.5743936652621615
9	3	3.2359851145236975	3.7359851145236975
9	5	2.5511899184498201	2.5511899184498201
9	6	1.9773765584698784	2.4773765584698784
9	7	1.9705065338638188	1.9705065338638188
9	8	0.9575651413872585	0.9575651413872585
10	5	3.8116648593495204	3.8116648593495204
10	7	2.4143233006372613	2.4143233006372613
10	8	1.4736288542234779	1.4736288542234779
10	9	2.1145867208511455	2.1145867208511455
11	7	3.3909194423838178	3.6379062565348956
11	8	2.4731158484794040	2.4731158484794040
11	10	1.5322153895585311	1.5322153895585311
12	1	4.7545515836593095	5.0000000000000000
12	3	4.4669080566612331	4.9669080566612331
12	6	4.2028363541056164	4.7028363541056164
12	8	2.0752431182875903	2.0752431182875903
12	9	2.7914318805259275	3.2914318805259275
12	10	1.0585830151669735	1.0585830151669735
12	11	2.1451867051611155	2.1451867051611155
13	8	2.9260072771012715	3.2688066747604925
13	10	2.4366786821409181	2.4366786821409181
13	11	1.3108024259971445	1.3108024259971445
14	6	4.5444849945143702	5.0000000000000000
14	9	2.3695524190926105	2.8695524190926105
14	10	2.5648190969345190	2.5648190969345190
14	11	1.9882778980816540	1.9882778980816540
14	12	3.3101173764865095	3.8101173764865095
14	13	0.9764947516500028	0.9764947516500028
15	10	3.8367504479702617	3.8367504479702617
15	11	2.4355258159173760	2.4355258159173760
15	13	1.4928620163966928	1.4928620163966928
15	14	2.1487510325768313	2.1487510325768313
16	11	3.6689950534055389	3.7154821956703503
16	13	2.4797951528301687	2.4797951528301687
16	15	1.5327181737031763	1.5327181737031763
17	9	3.9220943838540876	4.4220943838540876
17	12	4.5876299431208611	5.0000000000000000
17	13	2.1146891024450851	2.1146891024450851
17	14	2.5863880581244869	3.0863880581244869
17	15	1.0739390113037148	1.0739390113037148
17	16	2.1545890559454719	2.1545890559454719
18	13	2.7968881172445990	3.1241518470891223
18	15	2.4261751791657584	2.4261751791657584
18	16	1.3057982233101713	1.3057982233101713
19	9	3.6936828092222003	4.1936828092222003
19	14	2.2303647241097617	2.7303647241097617
19	15	2.5469884177200335	2.5469884177200335
19	16	1.9821768336856325	1.9821768336856325
19	17	2.3504094532810229	2.8504094532810229
19	18	0.9760840127775886	0.9760840127775886
20	15	3.8273763859855752	3.8273763859855752
20	16	2.4302701495924270	2.4302701495924270
20	18	1.4905187016605999	1.4905187016605999
20	19	2.1466797618648199	2.1466797618648199
21	16	3.4391043461593904	3.6560162267645033
21	18	2.4570620667781267	2.4570620667781267
21	20	1.5325234092828730	1.5325234092828730
22	14	4.2945742195825281	4.7945742195825281
22	17	4.2031335098891880	4.7031335098891880
22	18	2.1264573825966977	2.1264573825966977
22	19	2.6166858814137663	3.1166858814137663
22	20	1.0789833177579715	1.0789833177579715
22	21	2.1648872949878939	2.1648872949878939
23	18	3.3396735384485607	3.5982205315657914
23	20	2.4408418629644979	2.4408418629644979
23	21	1.3084880587915197	1.3084880587915197
24	19	3.5269068251973485	4.0269068251973490
24	20	2.5762410601494574	2.5762410601494574
24	21	1.9894969213346372	1.9894969213346372
24	22	2.8834323111093743	3.3834323111093743
24	23	0.9779187082779426	0.9779187082779426
25	20	3.8294203216674978	3.8294203216674978
25	21	2.4212377000203844	2.4212377000203844
25	23	1.4873456222411792	1.4873456222411792
25	24	2.1488299141625888	2.1488299141625888
26	21	3.2341662833805938	3.5427055187981766
26	23	2.4639297879606876	2.4639297879606876
26	25	1.5325994258122373	1.5325994258122373
27	19	4.2786183300601950	4.7786183300601950
27	22	4.3736810973021125	4.8736810973021125
27	23	2.1073378941213958	2.1073378941213958
27	24	2.6610161675875581	3.1610161675875581
27	25	1.0807580672842558	1.0807580672842558
27	26	2.1510915833594813	2.1510915833594813
28	23	2.6404523630940027	2.6853015763778214
28	25	2.4311145592094174	2.4311145592094174
28	26	1.3076945361971966	1.3076945361971966
29	19	3.1906235320739471	3.6906235320739471
29	22	4.3626217725366203	4.8626217725366203
29	24	1.9955661904139101	2.4955661904139101
29	25	2.5596052430013501	2.5596052430013501
29	26	1.9815917843996025	1.9815917843996025
29	27	3.0772383779915633	3.5772383779915633
29	28	0.9675024547772475	0.9675024547772475
30	25	3.8208682259402766	3.8208682259402766
30	26	2.4221339764761156	2.4221339764761156
30	28	1.4805525995384288	1.4805525995384288
30	29	2.1264366908045957	2.1264366908045957
31	26	3.0489366979265808	3.3889986074628808
31	28	2.4653563636926812	2.4653563636926812
31	30	1.5176975983376926	1.5176975983376926
32	24	4.4793882186174052	4.9793882186174052
32	27	4.4569578450043297	4.9569578450043297
32	28	2.0814564612309332	2.0814564612309332
32	29	2.7001374908482338	3.2001374908482338
32	30	1.0457442325922721	1.0457442325922721
32	31	2.1288976020466555	2.1288976020466555
33	28	2.5961684620898011	2.7723390909703953
33	30	2.3669146583685690	2.3669146583685690
33	31	1.2828752862223203	1.2828752862223203
34	6	3.9426792174405598	4.4426792174405598
34	9	3.9566506899727711	4.4566506899727711
34	14	4.4080897212638046	4.9080897212638046
34	19	2.8486831333949771	3.3486831333949771
34	24	3.9077930841020097	4.4077930841020097
34	27	3.6465881058970999	4.1465881058971004
34	29	1.8703406123725812	2.3703406123725812
34	30	2.4531575571087965	2.4531575571087965
34	31	1.9441280822003471	1.9441280822003471
34	32	3.1653365917725558	3.6653365917725558
34	33	0.9657561804099417	0.9657561804099417
35	30	3.7671092365366836	3.7671092365366836
35	31	2.4084189834827323	2.4084189834827323
35	33	1.4709292980969546	1.4709292980969546
35	34	2.1167725432837603	2.1167725432837603
36	31	3.1399819370952087	3.4604468924424956
36	33	2.4542766755196936	2.4542766755196936
36	35	1.5333417753390794	1.5333417753390794
37	2	4.4724484776788538	4.9724484776788538
37	6	3.1267736792602889	3.6267736792602889
37	9	4.2247243614701304	4.7247243614701304
37	29	4.8013528348385535	5.0000000000000000
37	32	4.4368018479998037	4.9368018479998037
37	33	2.0891639476115804	2.0891639476115804
37	34	2.7433072070843152	3.2433072070843152
37	35	1.0428360369684202	1.0428360369684202
37	36	2.1230963237686602	2.1230963237686602
38	33	2.6204463698764875	2.7059550269623189
38	35	2.4153014304637010	2.4153014304637010
38	36	1.2990465734530074	1.2990465734530074
39	19	4.3602530646367441	4.8602530646367441
39	27	2.9381405297475167	3.4381405297475167
39	29	3.3646335650533516	3.8646335650533516
39	32	3.6604977729892916	4.1604977729892916
39	34	2.0798244931149781	2.5798244931149781
39	35	2.5292281431298362	2.5292281431298362
39	36	1.9782563029092060	1.9782563029092060
39	37	3.0341826552183724	3.5341826552183724
39	38	0.9814733822167568	0.9814733822167568
40	35	3.8126467184883519	3.8126467184883519
40	36	2.4178316732146596	2.4178316732146596
40	38	1.4849464636814351	1.4849464636814351
40	39	2.1495097115388893	2.1495097115388893
41	36	3.0530480071494521	3.3968265395962574
41	38	2.4696467358713474	2.4696467358713474
41	40	1.5362424938791404	1.5362424938791404
42	34	4.6708587337312464	5.0000000000000000
42	37	4.3104793895216993	4.8104793895216993
42	38	2.0986057276201264	2.0986057276201264
42	39	2.8054882009459639	3.3054882009459639
42	40	1.0524894298756637	1.0524894298756637
42	41	2.1169829947356682	2.1169829947356682
43	38	2.6335022767637346	2.6907990750671944
43	40	2.4185869841707164	2.4185869841707164
43	41	1.2984629374764611	1.2984629374764611
44	27	4.4178228319496533	4.9178228319496533
44	29	4.6499709278199628	5.0000000000000000
44	32	3.5083749490057898	4.0083749490057894
44	34	3.7028172925840153	4.2028172925840153
44	37	3.4645918052850275	3.9645918052850275
44	39	1.8824671803934967	2.3824671803934967
44	40	2.5259049863365806	2.5259049863365806
44	41	1.9702195309152735	1.9702195309152735
44	42	3.0593941086201726	3.5593941086201726
44	43	0.9758252917402787	0.9758252917402787
45	40	3.8226567986153297	3.8226567986153297
45	41	2.4235214048982527	2.4235214048982527
45	43	1.4922003886877928	1.4922003886877928
45	44	2.1550269139850671	2.1550269139850671
46	41	3.0638774795409347	3.4043114729536312
46	43	2.4804005724882425	2.4804005724882425
46	45	1.5315550920551306	1.5315550920551306
47	39	4.6775847729286237	5.0000000000000000
47	42	4.4626908273975614	4.9626908273975614
47	43	2.1259607240022098	2.1259607240022098
47	44	2.7205086796728386	3.2205086796728386
47	45	1.0791825610155124	1.0791825610155124
47	46	2.1603365478554490	2.1603365478554490
48	43	2.9096736439967934	3.2570880900638581
48	45	2.4302121306585565	2.4302121306585565
48	46	1.3070921926168790	1.3070921926168790
49	32	4.2113435759137490	4.7113435759137490
49	37	4.1618222050316529	4.6618222050316529
49	39	4.5222824283322645	5.0000000000000000
49	44	2.6872579006689521	3.1872579006689521
49	45	2.5533327241078476	2.5533327241078476
49	46	1.9747589726343826	1.9747589726343826
49	47	3.3015176571732150	3.8015176571732150
49	48	0.9631256408174378	0.9631256408174378
50	45	3.8157615229466320	3.8157615229466320
50	46	2.4178149226109102	2.4178149226109102
50	48	1.4765158312730686	1.4765158312730686
50	49	2.1222836756663801	2.1222836756663801
51	46	3.5822162952897751	3.7009509209242877
51	48	2.4690569049740425	2.4690569049740425
51	50	1.5307308711853953	1.5307308711853953
52	44	4.5506125428194553	5.0000000000000000
52	47	4.4256896626969819	4.9256896626969819
52	48	2.0835760125323000	2.0835760125323000
52	49	2.6209360687472425	3.1209360687472425
52	50	1.0622118432779784	1.0622118432779784
52	51	2.1463468964731676	2.1463468964731676
