  -2.0940000e+00  -4.0450000e+00   8.1610000e+00
  -4.9700000e-01  -3.7100000e+00   7.6880000e+00
  -1.6420000e+00  -2.4570000e+00   7.7710000e+00
  -1.4970000e+00  -3.4610000e+00   7.5420000e+00
  -1.8650000e+00  -3.7050000e+00   6.1170000e+00
  -1.1450000e+00  -3.2480000e+00   5.4570000e+00
  -3.2700000e+00  -3.1660000e+00   5.8330000e+00
  -3.3850000e+00  -2.2270000e+00   4.9320000e+00
  -2.6100000e+00  -1.9020000e+00   4.4730000e+00
  -4.7070000e+00  -1.6640000e+00   4.6050000e+00
  -4.8510000e+00  -1.4620000e+00   3.0930000e+00
  -5.4580000e+00  -2.3180000e+00   4.9640000e+00
  -4.2240000e+00  -4.4700000e-01   2.5500000e+00
  -3.6830000e+00   1.4700000e-01   3.1050000e+00
  -4.3220000e+00  -1.9400000e-01   1.0820000e+00
  -3.5700000e+00   1.0910000e+00   7.1800000e-01
  -3.9170000e+00  -1.0280000e+00   5.4000000e-01
  -2.2920000e+00   1.1310000e+00   9.8300000e-01
  -1.8560000e+00   3.6100000e-01   1.3950000e+00
  -1.4890000e+00   2.3450000e+00   6.6200000e-01
  -6.5000000e-02   1.9110000e+00   2.9800000e-01
  -1.9400000e+00   2.8970000e+00  -1.4800000e-01
   9.3300000e-01   2.4600000e+00   9.4200000e-01
   7.6400000e-01   3.1300000e+00   1.6340000e+00
   2.3290000e+00   2.0510000e+00   6.3200000e-01
   2.8790000e+00   1.2070000e+00   1.7870000e+00
   2.3360000e+00   1.4680000e+00  -2.7800000e-01
   2.0820000e+00   9.7300000e-01   2.7970000e+00
   1.1820000e+00   1.3280000e+00   2.8030000e+00
   2.5460000e+00   1.6700000e-01   3.9490000e+00
   2.3590000e+00  -1.3140000e+00   3.6750000e+00
   3.5480000e+00   3.8600000e-01   4.1530000e+00
   1.3970000e+00  -1.6030000e+00   2.8770000e+00
   8.6700000e-01  -8.8700000e-01   2.5040000e+00
   1.0800000e+00  -2.9930000e+00   2.5150000e+00
   1.9100000e+00  -3.4070000e+00   1.2940000e+00
   1.2750000e+00  -3.6440000e+00   3.3060000e+00
   2.5330000e+00  -2.4590000e+00   6.6100000e-01
   2.4650000e+00  -1.5340000e+00   9.8200000e-01
   3.3770000e+00  -2.7720000e+00  -5.2000000e-01
   4.8320000e+00  -2.9820000e+00  -7.4000000e-02
   3.0440000e+00  -3.6550000e+00  -9.8600000e-01
   5.1380000e+00  -2.6010000e+00   1.1290000e+00
   4.4490000e+00  -2.2060000e+00   1.6960000e+00
   6.5240000e+00  -2.7860000e+00   1.6500000e+00
   6.6630000e+00  -4.1620000e+00   2.3080000e+00
   7.2450000e+00  -2.6730000e+00   8.5500000e-01
   6.1190000e+00  -4.3270000e+00   3.4850000e+00
   5.6480000e+00  -3.6000000e+00   3.9060000e+00
   6.2060000e+00  -5.6300000e+00   4.1740000e+00
   5.0430000e+00  -5.7920000e+00   5.1560000e+00
   6.1930000e+00  -6.4090000e+00   3.4520000e+00
