2	1	1.6817220341067070	1.6817220341067070
3	1	1.6819821639958017	1.6819821639958017
3	2	1.6820894744335093	1.6820894744335093
4	1	1.0309418024311556	1.0309418024311556
4	2	1.0299349494021455	1.0299349494021455
4	3	1.0302625878871852	1.0302625878871852
5	1	2.0658252588251504	2.0658252588251504
5	2	2.0652585794519775	2.0652585794519775
5	3	2.0658165455819160	2.0658165455819160
5	4	1.4785956174694963	1.4785956174694963
6	1	2.1030123520831800	2.6030123520831800
6	2	2.2138959496803219	2.7138959496803219
6	3	2.8085497251300233	3.3085497251300233
6	4	2.1135676000544672	2.1135676000544672
6	5	1.1065536588887137	1.1065536588887137
7	4	2.4426594113793270	2.4426594113793270
7	5	1.5463945162861901	1.5463945162861901
7	6	2.1652641871143574	2.1652641871143574
8	4	3.0196322655630645	3.3831801429928925
8	5	2.4475730836892282	2.4475730836892282
8	7	1.3423390033817835	1.3423390033817835
9	1	2.5480713233792192	3.0480713233792192
9	2	3.7144029159265042	4.2144029159265042
9	3	3.5421566867381737	4.0421566867381742
9	5	2.4943105259770681	2.4943105259770681
9	6	1.9055492730318018	2.4055492730318018
9	7	2.0082064136935722	2.0082064136935722
9	8	1.0264779588476316	1.0264779588476316
10	5	3.8562895378848308	3.8562895378848308
10	7	2.4765841394953654	2.4765841394953654
10	8	1.4840198785730601	1.4840198785730601
10	9	2.2098456959706487	2.2098456959706487
11	7	3.3046569934474901	3.6131873372280885
11	8	2.4917578132715867	2.4917578132715867
11	10	1.5595121031912511	1.5595121031912511
12	1	4.1695353593879405	4.6695353593879405
12	3	4.2333631618528873	4.7333631618528873
12	6	4.2867721726211361	4.7867721726211361
12	8	2.1248592894589517	2.1248592894589517
12	9	2.7313587489668878	3.2313587489668878
12	10	1.1035143859506320	1.1035143859506320
12	11	2.2131981384412920	2.2131981384412920
13	8	3.5534212191892522	3.7474591629890708
13	10	2.5531991696692997	2.5531991696692997
13	11	1.3584616299329180	1.3584616299329180
14	10	3.1710832534009579	3.1710832534009579
14	11	2.9366407679523898	2.9366407679523898
14	12	2.4448909605432960	2.9448909605432960
14	13	2.1245623078648461	2.1245623078648461
15	10	3.9479018478173948	3.9479018478173948
15	11	2.5047289274490363	2.5047289274490363
15	13	1.4876588990759945	1.4876588990759945
15	14	3.1162727736833311	3.1162727736833311
16	11	3.0809079797359527	3.3334693958198911
16	13	2.6276379126508278	2.6276379126508278
16	15	1.5487349676429472	1.5487349676429472
17	12	4.4018849351179616	4.9018849351179616
17	13	2.0907379080123838	2.0907379080123838
17	14	3.6187851709412726	4.1187851709412726
17	15	1.1005053384695596	1.1005053384695596
17	16	2.1512145406723153	2.1512145406723153
18	13	2.9242803602073333	3.0918002206029285
18	15	2.4760080775312505	2.4760080775312505
18	16	1.3378236057119037	1.3378236057119037
19	12	4.2807587841633872	4.7807587841633872
19	14	3.1063167094740569	3.6063167094740569
19	15	2.5234543784265253	2.5234543784265253
19	16	1.9913497934817983	1.9913497934817983
19	17	3.2935416254459611	3.7935416254459611
19	18	1.0244910931774858	1.0244910931774858
20	15	3.8762705013969292	3.8762705013969292
20	16	2.4667259677556403	2.4667259677556403
20	18	1.4890859612527414	1.4890859612527414
20	19	2.2330308999205539	2.2330308999205539
21	16	3.0367422211176307	3.3535774396917093
21	18	2.5726099587772731	2.5726099587772731
21	20	1.5566794788908860	1.5566794788908860
22	17	4.4693656565625544	4.9693656565625544
22	18	2.1055488595613259	2.1055488595613259
22	19	2.6871216257370945	3.1871216257370945
22	20	1.1031450493928709	1.1031450493928709
22	21	2.1525858867882599	2.1525858867882599
23	18	2.8473034663105912	3.0827762623518522
23	20	2.4769033085689887	2.4769033085689887
23	21	1.3373694328793373	1.3373694328793373
24	9	4.1275102900815517	4.6275102900815517
24	12	4.7610363082416098	5.0000000000000000
24	17	4.0568835416995297	4.5568835416995297
24	19	2.4060627472543046	2.9060627472543046
24	20	2.5073725291627489	2.5073725291627489
24	21	1.9853337250951033	1.9853337250951033
24	22	3.2253324431188326	3.7253324431188326
24	23	1.0255354698887795	1.0255354698887795
25	20	3.8875211896528619	3.8875211896528619
25	21	2.4811928582840954	2.4811928582840954
25	23	1.4888925414548895	1.4888925414548895
25	24	2.2266194106761938	2.2266194106761938
26	21	3.0628600161994135	3.3688317524610456
26	23	2.5841503439235107	2.5841503439235107
26	25	1.5608734734116023	1.5608734734116023
27	22	4.6172712129690625	5.0000000000000000
27	23	2.1234455491017425	2.1234455491017425
27	24	2.7204852760107223	3.2204852760107223
27	25	1.1071594284474120	1.1071594284474120
27	26	2.1874647425730092	2.1874647425730092
28	23	2.8543258372588252	2.9493972472280627
28	25	2.4955322077665119	2.4955322077665119
28	26	1.3390186705195712	1.3390186705195712
29	17	3.6074285584739156	4.1074285584739156
29	19	4.1953608043974517	4.6953608043974517
29	22	3.5547937901983633	4.0547937901983637
29	24	2.4629971939505415	2.9629971939505415
29	25	2.5497256715184089	2.5497256715184089
29	26	1.9966264047137110	1.9966264047137110
29	27	3.2312807860277637	3.7312807860277637
29	28	1.0267394995810770	1.0267394995810770
30	25	3.8717751742579267	3.8717751742579267
30	26	2.4635545457732411	2.4635545457732411
30	28	1.4816524558748585	1.4816524558748585
30	29	2.2131113844540229	2.2131113844540229
31	26	2.9655114246594310	3.2490224008204498
31	28	2.5720211896483276	2.5720211896483276
31	30	1.5534210633308660	1.5534210633308660
32	27	4.7306379944185375	5.0000000000000000
32	28	2.0851021557707909	2.0851021557707909
32	29	2.6725343714912433	3.1725343714912433
32	30	1.1071951047579645	1.1071951047579645
32	31	2.1525961070298343	2.1525961070298343
33	28	3.3815737857440675	3.6501027466192402
33	30	2.4168535330052587	2.4168535330052587
33	31	1.3363390288396133	1.3363390288396133
34	29	4.4572259337593767	4.9572259337593767
34	30	2.4344354581709493	2.4344354581709493
34	31	1.9986147702846588	1.9986147702846588
34	32	1.7424714488142721	2.2424714488142721
34	33	1.0261252360214130	1.0261252360214130
35	30	3.8335537038106033	3.8335537038106033
35	31	2.4763236864351961	2.4763236864351961
35	33	1.4747409942088130	1.4747409942088130
35	34	2.1944297664769312	2.1944297664769312
36	31	3.6703926741672577	3.7034438137522279
36	33	2.4135536041281531	2.4135536041281531
36	35	1.5390029239738305	1.5390029239738305
37	32	4.3613796535366491	4.8613796535366491
37	33	2.1358225581728454	2.1358225581728454
37	34	2.7810641457366629	3.2810641457366629
37	35	1.1058991816616921	1.1058991816616921
37	36	2.1842135884569536	2.1842135884569536
38	33	2.8888593293001277	3.2642290535046405
38	35	2.4454169378656063	2.4454169378656063
38	36	1.3406483506124933	1.3406483506124933
39	32	4.2235326431439812	4.7235326431439812
39	34	2.6089686700076435	3.1089686700076435
39	35	2.5057687443177992	2.5057687443177992
39	36	2.0088690848335533	2.0088690848335533
39	37	3.4058252632667871	3.9058252632667871
39	38	1.0254935397163649	1.0254935397163649
40	35	3.8309108577464968	3.8309108577464968
40	36	2.4614593232470852	2.4614593232470852
40	38	1.4813392589140411	1.4813392589140411
40	39	2.2104445254292173	2.2104445254292173
41	36	3.0580998015458492	3.4004482496014994
41	38	2.5104184910090193	2.5104184910090193
41	40	1.5453831240181193	1.5453831240181193
42	34	4.3607228970316960	4.8607228970316960
42	37	4.5027865663844615	5.0000000000000000
42	38	2.1300330983343900	2.1300330983343900
42	39	2.7144707954493015	3.2144707954493015
42	40	1.1016192627219259	1.1016192627219259
42	41	2.1772147344715451	2.1772147344715451
43	38	2.8204888519396758	3.1402886641146925
43	40	2.4499132637707812	2.4499132637707812
43	41	1.3389675126753451	1.3389675126753451
44	32	3.8287338679963021	4.3287338679963021
44	34	2.7974862990721139	3.2974862990721139
44	39	2.2574018381563761	2.7574018381563761
44	40	2.4746446209506532	2.4746446209506532
44	41	1.9879710762483445	1.9879710762483445
44	42	3.2771553857787081	3.7771553857787081
44	43	1.0248809686983167	1.0248809686983167
45	40	3.8571747432544465	3.8571747432544465
45	41	2.4795588317279349	2.4795588317279349
45	43	1.4890862970291547	1.4890862970291547
45	44	2.2225303147538842	2.2225303147538842
46	41	2.9126026571553916	3.2608290446545665
46	43	2.4565056482735801	2.4565056482735801
46	45	1.5539156991291383	1.5539156991291383
47	34	4.4569780822078586	4.9569780822078586
47	42	4.6156009554015691	5.0000000000000000
47	43	2.1458368996734118	2.1458368996734118
47	44	2.7150638562287766	3.2150638562287766
47	45	1.1126895344164969	1.1126895344164969
47	46	2.1858645886696642	2.1858645886696642
48	43	3.3819067767997031	3.6333138941050493
48	45	2.4674192995921871	2.4674192995921871
48	46	1.3384207111368234	1.3384207111368234
49	44	4.3801669678062547	4.8801669678062547
49	45	2.5466544720475919	2.5466544720475919
49	46	2.0191832507229250	2.0191832507229250
49	47	1.9698092950970620	2.4698092950970620
49	48	1.0259488291333052	1.0259488291333052
50	45	3.8569057546172942	3.8569057546172942
50	46	2.4514244838460764	2.4514244838460764
50	48	1.4748796561075754	1.4748796561075754
50	49	2.1994728913992097	2.1994728913992097
51	46	3.5012485361137351	3.6901199496322885
51	48	2.4349459952943517	2.4349459952943517
51	50	1.5304345788043341	1.5304345788043341
52	32	3.6794387798444839	4.1794387798444834
52	34	3.9798747958620497	4.4798747958620497
52	47	4.2540072744835884	4.7540072744835884
52	48	2.1289603096347287	2.1289603096347287
52	49	2.8660289086709962	3.3660289086709962
52	50	1.1058652720833582	1.1058652720833582
52	51	2.1499074398680511	2.1499074398680511
