   6.5000000e-01  -6.1060000e+00  -3.8500000e-01
   8.2100000e-01  -6.0480000e+00  -2.0570000e+00
  -6.0400000e-01  -6.6280000e+00  -1.3770000e+00
   1.5800000e-01  -5.9420000e+00  -1.2760000e+00
  -4.0300000e-01  -4.5740000e+00  -1.2860000e+00
   4.1800000e-01  -3.8500000e+00  -1.1240000e+00
  -1.3890000e+00  -4.4620000e+00  -1.0000000e-01
  -8.8500000e-01  -3.9350000e+00   1.0270000e+00
   1.0100000e-01  -3.6540000e+00   9.7700000e-01
  -1.6720000e+00  -3.8460000e+00   2.2820000e+00
  -1.9820000e+00  -2.3530000e+00   2.6090000e+00
  -2.6000000e+00  -4.4340000e+00   2.1780000e+00
  -3.2210000e+00  -1.9420000e+00   2.9850000e+00
  -4.3550000e+00  -3.4700000e+00   3.9300000e+00
  -3.5490000e+00  -5.2600000e-01   3.3020000e+00
  -2.6130000e+00   2.9400000e-01   4.2240000e+00
  -3.6150000e+00   8.0000000e-03   2.3420000e+00
  -2.0990000e+00  -3.1600000e-01   5.2980000e+00
  -2.4360000e+00  -1.2730000e+00   5.4400000e+00
  -1.1430000e+00   3.8000000e-01   6.2030000e+00
   2.4000000e-01   7.1900000e-01   5.5740000e+00
  -1.6010000e+00   1.3380000e+00   6.5020000e+00
   7.0400000e-01  -1.0000000e-01   4.6240000e+00
   8.3000000e-02  -8.9100000e-01   4.4230000e+00
   1.9750000e+00   1.5600000e-01   3.8920000e+00
   1.9620000e+00   1.3700000e+00   2.9110000e+00
   2.7900000e+00   2.9700000e-01   4.6280000e+00
   7.8100000e-01   1.8790000e+00   2.5380000e+00
  -3.1000000e-02   1.4520000e+00   2.9990000e+00
   6.5800000e-01   2.7810000e+00   1.3690000e+00
   1.4080000e+00   4.1370000e+00   1.4780000e+00
   1.0980000e+00   2.2400000e+00   5.0900000e-01
   2.1190000e+00   4.4370000e+00   3.8700000e-01
   2.0880000e+00   3.7310000e+00  -3.5700000e-01
   2.8850000e+00   5.6880000e+00   2.3500000e-01
   3.3300000e+00   5.7490000e+00  -1.2370000e+00
   2.2600000e+00   6.5660000e+00   4.8300000e-01
   4.3530000e+00   4.9520000e+00  -1.5770000e+00
   4.8110000e+00   4.4640000e+00  -8.0000000e-01
   4.6790000e+00   4.6790000e+00  -2.9960000e+00
   3.6670000e+00   3.7100000e+00  -3.6480000e+00
   4.7090000e+00   5.6200000e+00  -3.5680000e+00
   3.4740000e+00   2.5460000e+00  -3.0150000e+00
   4.0550000e+00   2.4280000e+00  -2.1790000e+00
   2.3810000e+00   1.6060000e+00  -3.3880000e+00
   1.0340000e+00   2.2640000e+00  -2.9790000e+00
   2.3800000e+00   1.4320000e+00  -4.4870000e+00
   7.9000000e-02   2.3210000e+00  -3.9150000e+00
   2.9000000e-01   1.8780000e+00  -4.8160000e+00
  -1.2220000e+00   2.9590000e+00  -3.6400000e+00
  -2.3050000e+00   2.1800000e+00  -4.3900000e+00
  -1.4510000e+00   2.9150000e+00  -2.5590000e+00
