2	1	1.6589481607331809	1.6589481607331809
3	1	1.6667288321739684	1.6667288321739684
3	2	1.6347880596578872	1.6347880596578872
4	1	1.0105102671422987	1.0105102671422987
4	2	1.0105394598925865	1.0105394598925865
4	3	1.0108442016453378	1.0108442016453378
5	1	2.0580041302193735	2.0580041302193735
5	2	2.0375308586620231	2.0375308586620231
5	3	2.0322932859211047	2.0322932859211047
5	4	1.4746016411221032	1.4746016411221032
6	1	2.1086711662813387	2.6086711662813387
6	2	2.6647793185464237	3.1647793185464237
6	3	2.0839251283555407	2.5839251283555407
6	4	2.0912909888391904	2.0912909888391904
6	5	1.0895595440360288	1.0895595440360288
7	4	2.4203194004097894	2.4203194004097894
7	5	1.5183010241714263	1.5183010241714263
7	6	2.1367484643729124	2.1367484643729124
8	4	3.4541421824331615	3.6440471233634324
8	5	2.4473955544619268	2.4473955544619268
8	7	1.3343781323148247	1.3343781323148247
9	1	4.3091235670819410	4.8091235670819410
9	2	4.1097765679980673	4.6097765679980673
9	3	3.6431175139949494	4.1431175139949499
9	5	2.6550796598219053	2.6550796598219053
9	6	2.1374806663442110	2.6374806663442110
9	7	2.0732240592854407	2.0732240592854407
9	8	1.0133454494889682	1.0133454494889682
10	5	3.8149727390900194	3.8149727390900194
10	7	2.4447374092118768	2.4447374092118768
10	8	1.4572082898474057	1.4572082898474057
10	9	2.0887749998503904	2.0887749998503904
11	7	2.9989157889402280	3.3259210583282441
11	8	2.4990470183652009	2.4990470183652009
11	10	1.5343598013503872	1.5343598013503872
12	2	4.6411826249322345	5.0000000000000000
12	3	4.0748494272719133	4.5748494272719133
12	6	4.1291785566669867	4.6291785566669867
12	8	2.0633140817626385	2.0633140817626385
12	9	2.5145500684648217	3.0145500684648217
12	10	1.0897343713033922	1.0897343713033922
12	11	2.1461540019299643	2.1461540019299643
13	8	2.7480008216810137	2.8875497213381083
13	10	2.4690040502194401	2.4690040502194401
13	11	1.3412624649933358	1.3412624649933358
14	2	4.5953236403978055	5.0000000000000000
14	6	3.9537905425414630	4.4537905425414630
14	9	2.3842412319024304	2.8842412319024304
14	10	2.5513825663745529	2.5513825663745529
14	11	2.0023508683544953	2.0023508683544953
14	12	3.2101052045059810	3.7101052045059810
14	13	1.0072626271236327	1.0072626271236327
15	10	3.8598301776114448	3.8598301776114448
15	11	2.4927296283391827	2.4927296283391827
15	13	1.4639351078514373	1.4639351078514373
15	14	2.1211746745612450	2.1211746745612450
16	11	3.0777812436898202	3.3750593369133406
16	13	2.5347909183993855	2.5347909183993855
16	15	1.5344500643553058	1.5344500643553058
17	12	4.6822333135789984	5.0000000000000000
17	13	2.0588202932747670	2.0588202932747670
17	14	2.6285150063663973	3.1285150063663973
17	15	1.0855657511178214	1.0855657511178214
17	16	2.1020918153115962	2.1020918153115962
18	13	2.8210708638629747	2.8549039980048181
18	15	2.4793186564054248	2.4793186564054248
18	16	1.3360329337258117	1.3360329337258117
19	9	4.7347990519285545	5.0000000000000000
19	12	3.3922834870791685	3.8922834870791685
19	14	2.8400053020470652	3.3400053020470652
19	15	2.5961095893663657	2.5961095893663657
19	16	2.0132237828915098	2.0132237828915098
19	17	3.0714834021738264	3.5714834021738264
19	18	1.0077906528639771	1.0077906528639771
20	15	3.8334024051748079	3.8334024051748079
20	16	2.4475647080312295	2.4475647080312295
20	18	1.4511750411304625	1.4511750411304625
20	19	2.1077914982274697	2.1077914982274697
21	16	2.9987503162438340	3.3481881726933218
21	18	2.4058784258561361	2.4058784258561361
21	20	1.5225747929083806	1.5225747929083806
22	17	4.4205570917652626	4.9205570917652626
22	18	2.0975128128333322	2.0975128128333322
22	19	2.6879572958823155	3.1879572958823155
22	20	1.0902004402860972	1.0902004402860972
22	21	2.1497188188225920	2.1497188188225920
23	18	2.8451203979265043	3.2055993637927580
23	20	2.4361761020090476	2.4361761020090476
23	21	1.3351374461080778	1.3351374461080778
24	12	3.7433477793370522	4.2433477793370518
24	19	2.4404907132454796	2.9404907132454796
24	20	2.5664391674068567	2.5664391674068567
24	21	2.0326962389889940	2.0326962389889940
24	22	3.4654103464684258	3.9654103464684258
24	23	1.0086971795340758	1.0086971795340758
25	20	3.8062440804551669	3.8062440804551669
25	21	2.4397454785284469	2.4397454785284469
25	23	1.4555789226283822	1.4555789226283822
25	24	2.1256236731839437	2.1256236731839437
26	21	2.9453477615411501	3.2396671221982820
26	23	2.5266273963526955	2.5266273963526955
26	25	1.5319595294915593	1.5319595294915593
27	19	4.7379772330129928	5.0000000000000000
27	22	4.2871464699346058	4.7871464699346058
27	23	2.0214415648244701	2.0214415648244701
27	24	2.6397688375419652	3.1397688375419652
27	25	1.0776706361407458	1.0776706361407458
27	26	2.0953973370222654	2.0953973370222654
28	23	2.8529931753790549	3.0190277795062594
28	25	2.4979997998398642	2.4979997998398642
28	26	1.3395293949742200	1.3395293949742200
29	12	3.7141454419589568	4.2141454419589568
29	14	4.7576702034883516	5.0000000000000000
29	17	3.6270689479716722	4.1270689479716722
29	19	3.2125385780787403	3.7125385780787403
29	22	4.5247949464976731	5.0000000000000000
29	24	2.7920841110697934	3.2920841110697934
29	25	2.6761005212809184	2.6761005212809184
29	26	2.0525277099225727	2.0525277099225727
29	27	3.3178750058531636	3.8178750058531636
29	28	1.0186505779706805	1.0186505779706805
30	25	3.8518466999609422	3.8518466999609422
30	26	2.4340540256945822	2.4340540256945822
30	28	1.4658390088955879	1.4658390088955879
30	29	2.1555474942575494	2.1555474942575494
31	26	2.8888801589645134	3.2229911890487881
31	28	2.4838876786199493	2.4838876786199493
31	30	1.5381436863960403	1.5381436863960403
32	27	4.3661953312507853	4.8661953312507853
32	28	2.0673069438281289	2.0673069438281289
32	29	2.6267247342603777	3.1267247342603777
32	30	1.0909381284014232	1.0909381284014232
32	31	2.1330761824182467	2.1330761824182467
33	28	2.7090799000512260	2.8002703310070167
33	30	2.4689837990557977	2.4689837990557977
33	31	1.3419459750675509	1.3419459750675509
34	17	4.1818527651188324	4.6818527651188324
34	19	4.4093957242825335	4.9093957242825335
34	22	3.8784489604658576	4.3784489604658576
34	24	4.0503829114242329	4.5503829114242329
34	27	3.3368114119860572	3.8368114119860572
34	29	2.2914483875147020	2.7914483875147020
34	30	2.5939369691648255	2.5939369691648255
34	31	2.0367962588339559	2.0367962588339559
34	32	3.1193847961570533	3.6193847961570533
34	33	1.0159015700352079	1.0159015700352079
35	30	3.8636931814004072	3.8636931814004072
35	31	2.4900885526422547	2.4900885526422547
35	33	1.4567038134088888	1.4567038134088888
35	34	2.1037428550086625	2.1037428550086625
36	31	3.2564034273323972	3.5608256295669509
36	33	2.4418775563078503	2.4418775563078503
36	35	1.5326043194510452	1.5326043194510452
37	32	4.4516959275907277	4.9516959275907277
37	33	2.0728082400453736	2.0728082400453736
37	34	2.7249402215454457	3.2249402215454457
37	35	1.0891033008856410	1.0891033008856410
37	36	2.1261547450738383	2.1261547450738383
38	33	2.7288660721861593	2.9830987334519281
38	35	2.4822864460009444	2.4822864460009444
38	36	1.3379887891907016	1.3379887891907016
39	22	3.9843912618512780	4.4843912618512780
39	24	4.1791643225202399	4.6791643225202399
39	27	2.2717616798459086	2.7717616798459086
39	29	3.9223402824429856	4.4223402824429856
39	32	4.5335602725094963	5.0000000000000000
39	34	1.8863200543652527	2.3863200543652527
39	35	2.6656130626930836	2.6656130626930836
39	36	2.0485245910166663	2.0485245910166663
39	37	3.4384590663715211	3.9384590663715211
39	38	0.9988898838210345	0.9988898838210345
40	35	3.8513479458496089	3.8513479458496089
40	36	2.4671815903982424	2.4671815903982424
40	38	1.4381338602508462	1.4381338602508462
40	39	2.0444955368011932	2.0444955368011932
41	36	3.0611121356914111	3.3951353490885334
41	38	2.3848356337492111	2.3848356337492111
41	40	1.5162862526581187	1.5162862526581187
42	27	4.4534762254768872	4.9534762254768872
42	34	4.4960452902527077	4.9960452902527077
42	37	4.4429077729822648	4.9429077729822648
42	38	2.0539184501824801	2.0539184501824801
42	39	2.5143533612768865	3.0143533612768865
42	40	1.0880450358326166	1.0880450358326166
42	41	2.1202863014225226	2.1202863014225226
43	38	3.0205730286446673	3.3633190518981495
43	40	2.4449067466878978	2.4449067466878978
43	41	1.3308196722321173	1.3308196722321173
44	24	4.7255329104100197	5.0000000000000000
44	27	1.8693835874866802	2.3693835874866802
44	34	4.3268259339622892	4.8268259339622892
44	39	2.7438990058168002	3.2438990058168002
44	40	2.4996587767133338	2.4996587767133338
44	41	1.9681173745485814	1.9681173745485814
44	42	3.2375652572068456	3.7375652572068456
44	43	0.9991721573382640	0.9991721573382640
45	40	3.8356221138167403	3.8356221138167403
45	41	2.4952973770675109	2.4952973770675109
45	43	1.4536767178434138	1.4536767178434138
45	44	2.1106797483275384	2.1106797483275384
46	41	3.0556166848039177	3.3266873617566577
46	43	2.5233868114104108	2.5233868114104108
46	45	1.5246602900318482	1.5246602900318482
47	27	4.4444778261723279	4.9444778261723279
47	42	4.4213501970893700	4.9213501970893700
47	43	2.0666412364026807	2.0666412364026807
47	44	2.5057080060854995	3.0057080060854995
47	45	1.0897293241901864	1.0897293241901864
47	46	2.1244644030908120	2.1244644030908120
48	43	2.8232843553943172	2.8936406167808424
48	45	2.4773715910214196	2.4773715910214196
48	46	1.3393472290634718	1.3393472290634718
49	27	3.6663366407293383	4.1663366407293383
49	32	3.3545004743753268	3.8545004743753268
49	34	4.1085155788049548	4.6085155788049548
49	37	4.6314425107386716	5.0000000000000000
49	39	3.4126700218518056	3.9126700218518056
49	42	4.0408313435681080	4.5408313435681080
49	44	2.8391611432924497	3.3391611432924497
49	45	2.6086396838199022	2.6086396838199022
49	46	2.0245004322054365	2.0245004322054365
49	47	3.1968724575264198	3.6968724575264198
49	48	1.0190215895652064	1.0190215895652064
50	45	3.8087568838139303	3.8087568838139303
50	46	2.4421785356521339	2.4421785356521339
50	48	1.4492463558691464	1.4492463558691464
50	49	2.1417782331511357	2.1417782331511357
51	46	3.0447670722265445	3.3861299124885980
51	48	2.4684331062437157	2.4684331062437157
51	50	1.5356057436725090	1.5356057436725090
52	32	4.6884362541966080	5.0000000000000000
52	47	4.1917178034046323	4.6917178034046323
52	48	2.0283983829612957	2.0283983829612957
52	49	2.5328051671721101	3.0328051671721101
52	50	1.0842633443956315	1.0842633443956315
52	51	2.1462641962256184	2.1462641962256184
53	48	2.8918725016706146	3.2159882551506955
53	50	2.4781755385767168	2.4781755385767168
53	51	1.3411528622793152	1.3411528622793152
54	32	4.5632036042571977	5.0000000000000000
54	37	3.5975190462256221	4.0975190462256226
54	39	4.3429182030254569	4.8429182030254569
54	42	3.7062227245183017	4.2062227245183017
54	44	4.6721217088262312	5.0000000000000000
54	47	4.4685421329965269	4.9685421329965269
54	49	2.4098069704656102	2.9098069704656102
54	50	2.6452723867307126	2.6452723867307126
54	51	2.0434179699709016	2.0434179699709016
54	52	3.3773216013071155	3.8773216013071155
54	53	1.0154004136300123	1.0154004136300123
55	50	3.8576041787617350	3.8576041787617350
55	51	2.4636787534092184	2.4636787534092184
55	53	1.4619240746358888	1.4619240746358888
55	54	2.1157740900200097	2.1157740900200097
56	51	2.8509428830523089	3.1719897051958008
56	53	2.4296065525100969	2.4296065525100969
56	55	1.5193373555599823	1.5193373555599823
57	52	4.6309674785666894	5.0000000000000000
57	53	2.0899519133224094	2.0899519133224094
57	54	2.5793098776793713	3.0793098776793713
57	55	1.0906186317865656	1.0906186317865656
57	56	2.1459885833806291	2.1459885833806291
58	53	2.6518366829785069	2.9188846955314909
58	55	2.4342805918792521	2.4342805918792521
58	56	1.3359116737269723	1.3359116737269723
59	42	3.1776191032848655	3.6776191032848655
59	44	4.4472314133750714	4.9472314133750714
59	47	3.4652945702657116	3.9652945702657116
59	49	3.5170096941762092	4.0170096941762097
59	52	4.3939472150672296	4.8939472150672296
59	54	2.2140231162429824	2.7140231162429824
59	55	2.5670305802619495	2.5670305802619495
59	56	2.0408904919176822	2.0408904919176822
59	57	3.3871178774104997	3.8871178774104997
59	58	1.0199519596530024	1.0199519596530024
60	55	3.8104232048422126	3.8104232048422126
60	56	2.4547832898241753	2.4547832898241753
60	58	1.4438202796747246	1.4438202796747246
60	59	2.1072472564936464	2.1072472564936464
61	56	2.8715564045657267	3.1766314534179445
61	58	2.4518356388632578	2.4518356388632578
61	60	1.5370013012356234	1.5370013012356234
62	57	4.5353305944545550	5.0000000000000000
62	58	2.0463049626094350	2.0463049626094350
62	59	2.5173713212777389	3.0173713212777389
62	60	1.0893617397357040	1.0893617397357040
62	61	2.1573191697104068	2.1573191697104068
63	58	2.7021049579804668	2.8613783499099101
63	60	2.4810519946184120	2.4810519946184120
63	61	1.3411823142287556	1.3411823142287556
64	47	3.9096931354462789	4.4096931354462789
64	49	4.3199185815875882	4.8199185815875882
64	52	3.4468916602041992	3.9468916602041992
64	54	3.6127084623234267	4.1127084623234271
64	57	3.5184212206265717	4.0184212206265713
64	59	2.5386704996720146	3.0386704996720146
64	60	2.6144385630570861	2.6144385630570861
64	61	2.0211209760922277	2.0211209760922277
64	62	3.2475337706124714	3.7475337706124714
64	63	1.0170260566966807	1.0170260566966807
65	60	3.8712324910808449	3.8712324910808449
65	61	2.4804285919977622	2.4804285919977622
65	63	1.4634800989422441	1.4634800989422441
65	64	2.1207079006784504	2.1207079006784504
66	61	3.0429431745350666	3.3797918897792369
66	63	2.4196332366703843	2.4196332366703843
66	65	1.5130066093708912	1.5130066093708912
67	62	4.5549506071750709	5.0000000000000000
67	63	2.0983872378567305	2.0983872378567305
67	64	2.6540965049846097	3.1540965049846097
67	65	1.0899692656217421	1.0899692656217421
67	66	2.1197296997494752	2.1197296997494752
68	63	2.6122820974133560	2.8873071281321483
68	65	2.4096626319881378	2.4096626319881378
68	66	1.3312742016579453	1.3312742016579453
69	52	3.9965800575952279	4.4965800575952279
69	54	4.6156965381269401	5.0000000000000000
69	57	3.3612901792270367	3.8612901792270367
69	59	3.9082394965505234	4.4082394965505234
69	62	4.3199980799529607	4.8199980799529607
69	64	1.6662491207414403	2.1662491207414405
69	65	2.4786431772241846	2.4786431772241846
69	66	1.9928293956081637	1.9928293956081637
69	67	3.2120561568214518	3.7120561568214518
69	68	1.0067442574954177	1.0067442574954177
70	65	3.7813009665986650	3.7813009665986650
70	66	2.4416211827390422	2.4416211827390422
70	68	1.4425619570749810	1.4425619570749810
70	69	2.1224987632505230	2.1224987632505230
71	66	2.7671217640351125	3.0898440463097070
71	68	2.3800556716177876	2.3800556716177876
71	70	1.5204920256285461	1.5204920256285461
72	64	4.5975966562173145	5.0000000000000000
72	67	4.6341657738770472	5.0000000000000000
72	68	2.0763361962842146	2.0763361962842146
72	69	2.6291988054612339	3.1291988054612339
72	70	1.0918429374227783	1.0918429374227783
72	71	2.1365188976463561	2.1365188976463561
73	68	2.6328662531732614	2.9172519910372672
73	70	2.4523655926472303	2.4523655926472303
73	71	1.3388999215774120	1.3388999215774120
74	57	3.6794997769085676	4.1794997769085676
74	59	4.3735228484161137	4.8735228484161137
74	62	3.1481453115110760	3.6481453115110760
74	64	3.0067146049762314	3.5067146049762314
74	67	4.0169756292731940	4.5169756292731940
74	69	2.2523109141833042	2.7523109141833042
74	70	2.5678095723787617	2.5678095723787617
74	71	2.0313773652376854	2.0313773652376854
74	72	3.2701529721592002	3.7701529721592002
74	73	1.0259166632821601	1.0259166632821601
75	70	3.8276201483428318	3.8276201483428318
75	71	2.4532011739765660	2.4532011739765660
75	73	1.4584351202573254	1.4584351202573254
75	74	2.1583451994525809	2.1583451994525809
76	71	2.8747307746575594	3.2025373130702937
76	73	2.4440615786023066	2.4440615786023066
76	75	1.5283062520319675	1.5283062520319675
77	72	4.5137633348740112	5.0000000000000000
77	73	2.0800627394384041	2.0800627394384041
77	74	2.5972830323696776	3.0972830323696776
77	75	1.0964150673900830	1.0964150673900830
77	76	2.1461244139145337	2.1461244139145337
78	73	2.7310168329805764	3.0198357000152898
78	75	2.4598284493029183	2.4598284493029183
78	76	1.3389234481478018	1.3389234481478018
79	62	3.6235731470238388	4.1235731470238388
79	64	3.8328417638507304	4.3328417638507304
79	67	2.8412388405588413	3.3412388405588413
79	69	3.6148463862058402	4.1148463862058406
79	72	4.3372184942084813	4.8372184942084813
79	74	2.5545633974806621	3.0545633974806621
79	75	2.5906232840766332	2.5906232840766332
79	76	2.0400404407756234	2.0400404407756234
79	77	3.3127968001806103	3.8127968001806103
79	78	1.0233694347595110	1.0233694347595110
80	75	3.8412418564833954	3.8412418564833954
80	76	2.4550036659850427	2.4550036659850427
80	78	1.4661251651888392	1.4661251651888392
80	79	2.1571346735890189	2.1571346735890189
81	76	3.0141029987650394	3.3438601110153137
81	78	2.5096447955836294	2.5096447955836294
81	80	1.5400499991883374	1.5400499991883374
82	77	4.4762839315346428	4.9762839315346428
82	78	2.0805633852396803	2.0805633852396803
82	79	2.6920039251147707	3.1920039251147707
82	80	1.0906928990325364	1.0906928990325364
82	81	2.1131769921140067	2.1131769921140067
83	78	2.7668444974904336	2.8538685543083653
83	80	2.4790605075310284	2.4790605075310284
83	81	1.3377342785471262	1.3377342785471262
84	67	4.2252121241286398	4.7252121241286398
84	69	4.6256478144393860	5.0000000000000000
84	72	3.2181878485735318	3.7181878485735318
84	74	3.7085576415682509	4.2085576415682509
84	77	3.6142423414145393	4.1142423414145393
84	79	2.4634751999456590	2.9634751999456590
84	80	2.6100400380070803	2.6100400380070803
84	81	2.0313766268223130	2.0313766268223130
84	82	3.0544973501863986	3.5544973501863986
84	83	1.0161348335727889	1.0161348335727889
85	80	3.8735793524852435	3.8735793524852435
85	81	2.4908883957335384	2.4908883957335384
85	83	1.4576631984103872	1.4576631984103872
85	84	2.1037770794454431	2.1037770794454431
86	81	3.4020708001400686	3.6670087596523624
86	83	2.4782074166622943	2.4782074166622943
86	85	1.5465076786100997	1.5465076786100997
87	82	4.3600388570531168	4.8600388570531168
87	83	2.0767460123953523	2.0767460123953523
87	84	2.7058385304987800	3.2058385304987800
87	85	1.0919752744453506	1.0919752744453506
87	86	2.1268714112517473	2.1268714112517473
88	83	2.7233924459238765	2.7644595342596170
88	85	2.4863093130179919	2.4863093130179919
88	86	1.3396141235445380	1.3396141235445380
89	72	4.3313779397027039	4.8313779397027039
89	74	4.6606735162894131	5.0000000000000000
89	77	3.0220489011444132	3.5220489011444132
89	79	3.8425923412571397	4.3425923412571397
89	82	3.6033492278134540	4.1033492278134540
89	84	1.7888232271868683	2.2888232271868683
89	85	2.6280076103390564	2.6280076103390564
89	86	2.0394053054751038	2.0394053054751038
89	87	3.0045207354264014	3.5045207354264014
89	88	1.0121235102496131	1.0121235102496131
90	85	3.8853572551311157	3.8853572551311157
90	86	2.4987702975663848	2.4987702975663848
90	88	1.4572278476614424	1.4572278476614424
90	89	2.0829011018288890	2.0829011018288890
91	86	3.2642930583969125	3.5624367962090080
91	88	2.4353244137075452	2.4353244137075452
91	90	1.5265556000355827	1.5265556000355827
92	84	4.4676215504206400	4.9676215504206400
92	87	4.4843707092587479	4.9843707092587479
92	88	2.1102933445376744	2.1102933445376744
92	89	2.8187785949638577	3.3187785949638577
92	90	1.0913629093935713	1.0913629093935713
92	91	2.1339749295621999	2.1339749295621999
93	88	2.6318636592635474	2.7643149097697437
93	90	2.4504540395608316	2.4504540395608316
93	91	1.3402510958771869	1.3402510958771869
94	77	3.4592581975893477	3.9592581975893477
94	79	4.6845993057909627	5.0000000000000000
94	82	3.4224715895583140	3.9224715895583140
94	84	3.4400476186509574	3.9400476186509574
94	87	4.1673516825862782	4.6673516825862782
94	89	1.6378973385334392	2.1378973385334392
94	90	2.5831744037133846	2.5831744037133846
94	91	2.0404680835533786	2.0404680835533786
94	92	3.4300740161148240	3.9300740161148240
94	93	1.0150669928630316	1.0150669928630316
95	90	3.8213523784126480	3.8213523784126480
95	91	2.4509879640667358	2.4509879640667358
95	93	1.4496927260630099	1.4496927260630099
95	94	2.1179801698788396	2.1179801698788396
96	91	2.8732337454909547	3.1823396890162856
96	93	2.4612537455532708	2.4612537455532708
96	95	1.5312873668910094	1.5312873668910094
97	89	4.2652805579666708	4.7652805579666708
97	92	4.5056668336148391	5.0000000000000000
97	93	2.0314019789298228	2.0314019789298228
97	94	2.5656021507463236	3.0656021507463236
97	95	1.0838731475592516	1.0838731475592516
97	96	2.1397808298982404	2.1397808298982404
98	93	3.5413640838134199	3.6621429683867368
98	95	2.4186417676042891	2.4186417676042891
98	96	1.3318592267953844	1.3318592267953844
99	94	4.4965624247372098	4.9965624247372098
99	95	2.5788728157859970	2.5788728157859970
99	96	2.0624941212037422	2.0624941212037422
99	97	2.0362176927651272	2.5362176927651272
99	98	1.0171120882184028	1.0171120882184028
100	95	3.8259326967420626	3.8259326967420626
100	96	2.4988037137798544	2.4988037137798544
100	98	1.4495713159413706	1.4495713159413706
100	99	2.0337910413806033	2.0337910413806033
101	96	3.6673623184506767	3.7023949528011881
101	98	2.3992809339466672	2.3992809339466672
101	100	1.5246324147151007	1.5246324147151007
102	97	4.3485336704154749	4.8485336704154749
102	98	2.0922000382372614	2.0922000382372614
102	99	2.5988337379056063	3.0988337379056063
102	100	1.0892804964746221	1.0892804964746221
102	101	2.1500297672357926	2.1500297672357926
