  -1.5095000e+01   1.7590000e+00  -2.0340000e+00
  -1.3613000e+01   1.8950000e+00  -2.7670000e+00
  -1.3711000e+01   2.0070000e+00  -1.1390000e+00
  -1.4108000e+01   1.5580000e+00  -1.9530000e+00
  -1.3887000e+01   1.0500000e-01  -1.8330000e+00
  -1.4427000e+01  -2.5300000e-01  -9.5700000e-01
  -1.2401000e+01  -1.2600000e-01  -1.6240000e+00
  -1.2029000e+01  -1.0850000e+00  -7.7400000e-01
  -1.2681000e+01  -1.7190000e+00  -3.2700000e-01
  -1.0645000e+01  -1.2530000e+00  -3.5000000e-01
  -9.7150000e+00  -1.7090000e+00  -1.4820000e+00
  -1.0298000e+01  -2.8700000e-01   1.6000000e-02
  -1.0267000e+01  -2.2740000e+00  -2.5660000e+00
  -1.1268000e+01  -2.3850000e+00  -2.5500000e+00
  -9.5350000e+00  -2.9830000e+00  -3.6170000e+00
  -8.5270000e+00  -2.1350000e+00  -4.4040000e+00
  -8.9450000e+00  -3.7500000e+00  -3.1250000e+00
  -8.4650000e+00  -8.1900000e-01  -4.1820000e+00
  -9.0410000e+00  -4.4000000e-01  -3.4470000e+00
  -7.3610000e+00   4.0000000e-03  -4.6400000e+00
  -6.2560000e+00  -6.8000000e-02  -3.5950000e+00
  -6.9850000e+00  -3.6100000e-01  -5.5960000e+00
  -6.4480000e+00   6.2000000e-01  -2.4670000e+00
  -7.2980000e+00   1.1490000e+00  -2.3440000e+00
  -5.3980000e+00   7.6900000e-01  -1.4700000e+00
  -4.9580000e+00  -5.2500000e-01  -7.7800000e-01
  -4.5370000e+00   1.1070000e+00  -2.0230000e+00
  -5.7890000e+00  -1.5720000e+00  -6.9100000e-01
  -6.7510000e+00  -1.4950000e+00  -1.0170000e+00
  -5.3110000e+00  -2.8540000e+00  -1.6500000e-01
  -4.2600000e+00  -3.4880000e+00  -1.0920000e+00
  -4.8190000e+00  -2.6450000e+00   7.8600000e-01
  -4.1770000e+00  -3.0310000e+00  -2.3510000e+00
  -4.8130000e+00  -2.2970000e+00  -2.6490000e+00
  -3.1960000e+00  -3.4500000e+00  -3.3430000e+00
  -2.1060000e+00  -2.3800000e+00  -3.4690000e+00
  -2.7150000e+00  -4.3580000e+00  -2.9820000e+00
  -2.4430000e+00  -1.0860000e+00  -3.4220000e+00
  -3.3960000e+00  -7.9200000e-01  -3.3660000e+00
  -1.5190000e+00   1.6000000e-02  -3.4290000e+00
  -1.0610000e+00   2.4000000e-01  -2.0010000e+00
  -6.5100000e-01  -2.7700000e-01  -4.0160000e+00
  -1.6880000e+00   1.1640000e+00  -1.2770000e+00
  -2.4540000e+00   1.6060000e+00  -1.7420000e+00
  -1.2660000e+00   1.7180000e+00  -1.0000000e-03
  -1.0000000e+00   7.0500000e-01   1.1070000e+00
  -3.4300000e-01   2.2730000e+00  -1.6700000e-01
  -1.3190000e+00  -5.8200000e-01   9.1800000e-01
  -1.8850000e+00  -8.1400000e-01   1.0300000e-01
  -7.1800000e-01  -1.6490000e+00   1.6930000e+00
   6.3800000e-01  -2.0740000e+00   1.1110000e+00
  -5.5900000e-01  -1.2340000e+00   2.6820000e+00
   6.7500000e-01  -2.6050000e+00  -1.2000000e-01
  -1.1400000e-01  -2.4760000e+00  -7.4600000e-01
   1.9000000e+00  -3.1240000e+00  -7.2600000e-01
   2.9370000e+00  -2.0150000e+00  -7.8200000e-01
   2.2780000e+00  -3.9460000e+00  -1.1700000e-01
   2.5170000e+00  -8.1700000e-01  -1.1980000e+00
   1.5300000e+00  -6.7900000e-01  -1.4150000e+00
   3.3750000e+00   3.3600000e-01  -1.3360000e+00
   3.9210000e+00   7.7200000e-01   3.3000000e-02
   4.2050000e+00   3.9000000e-02  -1.9760000e+00
   3.2560000e+00   4.1300000e-01   1.1410000e+00
   2.6010000e+00  -3.6100000e-01   1.0620000e+00
   3.6460000e+00   7.9800000e-01   2.4980000e+00
   4.6760000e+00  -1.8700000e-01   3.0060000e+00
   4.1060000e+00   1.7860000e+00   2.4810000e+00
   4.4150000e+00  -1.4700000e+00   2.7650000e+00
   3.6180000e+00  -1.6600000e+00   2.1800000e+00
   5.3480000e+00  -2.5340000e+00   3.0450000e+00
   6.6000000e+00  -2.2480000e+00   2.2310000e+00
   5.6090000e+00  -2.5140000e+00   4.1050000e+00
   6.4480000e+00  -1.8930000e+00   9.4900000e-01
   5.4940000e+00  -1.8510000e+00   5.7400000e-01
   7.5720000e+00  -1.5040000e+00   1.0500000e-01
   8.3080000e+00  -3.2200000e-01   7.3500000e-01
   8.2630000e+00  -2.3530000e+00   4.3000000e-02
   7.5780000e+00   7.0800000e-01   1.1810000e+00
   6.5580000e+00   6.5400000e-01   1.1180000e+00
   8.1910000e+00   1.8830000e+00   1.8080000e+00
   8.7990000e+00   1.5840000e+00   3.1910000e+00
   9.0260000e+00   2.2020000e+00   1.1830000e+00
   8.6350000e+00   3.6500000e-01   3.7170000e+00
   8.0380000e+00  -2.9900000e-01   3.2320000e+00
   9.2210000e+00  -1.1600000e-01   4.9620000e+00
   1.0195000e+01  -1.2890000e+00   4.7030000e+00
   9.8220000e+00   6.8900000e-01   5.3900000e+00
   1.0350000e+01  -1.7340000e+00   3.4490000e+00
   9.8330000e+00  -1.2980000e+00   2.6960000e+00
   1.1237000e+01  -2.8040000e+00   3.0110000e+00
   1.2421000e+01  -2.2040000e+00   2.2570000e+00
   1.1627000e+01  -3.3620000e+00   3.8640000e+00
   1.2190000e+01  -1.1080000e+00   1.5210000e+00
   1.1252000e+01  -7.2200000e-01   1.4820000e+00
   1.3192000e+01  -5.1400000e-01   6.5800000e-01
   1.4345000e+01   8.0000000e-02   1.4720000e+00
   1.3578000e+01  -1.3270000e+00   5.4000000e-02
   1.5538000e+01   3.0000000e-02   8.8200000e-01
   1.5674000e+01  -3.9500000e-01  -3.2000000e-02
   1.6787000e+01   5.9600000e-01   1.3520000e+00
   1.7801000e+01   4.7400000e-01   2.2000000e-01
   1.6651000e+01   1.6460000e+00   1.6080000e+00
