2	1	1.6983338894339943	1.6983338894339943
3	1	1.6948890819165721	1.6948890819165721
3	2	1.6987904520569919	1.6987904520569919
4	1	1.0389230000341692	1.0389230000341692
4	2	1.0409625353488956	1.0409625353488956
4	3	1.0387290310759587	1.0387290310759587
5	1	2.0824106223317247	2.0824106223317247
5	2	2.0822070021974279	2.0822070021974279
5	3	2.0819474056757539	2.0819474056757539
5	4	1.4902956082603216	1.4902956082603216
6	1	1.9204211308486370	2.4204211308486370
6	2	2.5519691042559121	3.0519691042559121
6	3	2.5290683896317070	3.0290683896317070
6	4	2.1125430173134934	2.1125430173134934
6	5	1.0804938685619643	1.0804938685619643
7	4	2.4666270492314002	2.4666270492314002
7	5	1.5300941147524230	1.5300941147524230
7	6	2.1466781314393639	2.1466781314393639
8	4	3.6396206146250063	3.6714328288340763
8	5	2.4260226709575492	2.4260226709575492
8	7	1.3046033880072521	1.3046033880072521
9	1	4.4402703923953393	4.9402703923953393
9	2	3.9533401349454591	4.4533401349454591
9	3	4.1514937752107723	4.6514937752107723
9	5	2.5515258180155658	2.5515258180155658
9	6	2.4768557416201906	2.9768557416201906
9	7	1.9831631299517445	1.9831631299517445
9	8	0.9772195249789062	0.9772195249789062
10	5	3.8192169354463230	3.8192169354463230
10	7	2.4203384060911817	2.4203384060911817
10	8	1.4866956648890854	1.4866956648890854
10	9	2.1475711862473843	2.1475711862473843
11	7	3.5692303731040083	3.6865274887420072
11	8	2.4568013757729776	2.4568013757729776
11	10	1.5256673949455688	1.5256673949455688
12	2	4.2517541399739622	4.7517541399739622
12	6	4.4151009647195014	4.9151009647195014
12	8	2.1012553390770958	2.1012553390770958
12	9	2.6617633389818338	3.1617633389818338
12	10	1.0758206170175399	1.0758206170175399
12	11	2.1340916100298979	2.1340916100298979
13	8	2.6212932125502162	2.8151978227110428
13	10	2.4105252539643720	2.4105252539643720
13	11	1.3006863572744967	1.3006863572744967
14	6	4.1776714187125368	4.6776714187125368
14	9	1.8475704616249042	2.3475704616249042
14	10	2.5289986160533973	2.5289986160533973
14	11	1.9810615841008066	1.9810615841008066
14	12	2.7642833160194233	3.2642833160194233
14	13	0.9816628749219352	0.9816628749219352
15	10	3.8101177147169611	3.8101177147169611
15	11	2.4231372226929286	2.4231372226929286
15	13	1.4867915119477915	1.4867915119477915
15	14	2.1483558829951797	2.1483558829951797
16	11	3.4166850705578504	3.6297157206461796
16	13	2.4302466952965909	2.4302466952965909
16	15	1.5203703496188026	1.5203703496188026
17	9	4.1935250442127039	4.6935250442127039
17	12	4.2758443817133172	4.7758443817133172
17	13	2.1161249963081108	2.1161249963081108
17	14	2.6366361846221578	3.1366361846221578
17	15	1.0827908385279224	1.0827908385279224
17	16	2.1457618693601583	2.1457618693601583
18	13	2.5865078053701733	2.7940385535023728
18	15	2.4113311676333469	2.4113311676333469
18	16	1.3073308686021301	1.3073308686021301
19	9	3.7303855567217497	4.2303855567217497
19	12	3.3240199752562032	3.8240199752562032
19	14	1.8544324825164651	2.3544324825164651
19	15	2.5380925909036494	2.5380925909036494
19	16	1.9935069601082411	1.9935069601082411
19	17	2.6322268193642984	3.1322268193642984
19	18	0.9862149867042176	0.9862149867042176
20	15	3.8056249158318272	3.8056249158318272
20	16	2.4213618069177518	2.4213618069177518
20	18	1.4869495620228685	1.4869495620228685
20	19	2.1557761943207372	2.1557761943207372
21	16	3.4842408162279463	3.6721317932541346
21	18	2.4589465223953124	2.4589465223953124
21	20	1.5292733568593939	1.5292733568593939
22	14	4.4731593886622312	4.9731593886622312
22	17	4.2328882402080339	4.7328882402080339
22	18	2.1120449805816164	2.1120449805816164
22	19	2.7730382721209041	3.2730382721209041
22	20	1.0824329078515675	1.0824329078515675
22	21	2.1475371940900110	2.1475371940900110
23	18	2.6239124543270753	2.6989551361707211
23	20	2.4199245856017915	2.4199245856017915
23	21	1.3040759180354498	1.3040759180354498
24	12	4.1881670026014506	4.6881670026014506
24	14	3.7801668798678136	4.2801668798678136
24	17	3.4779634485795250	3.9779634485795250
24	19	1.6243024452346895	2.1243024452346893
24	20	2.5450277012244880	2.5450277012244880
24	21	1.9876586729114234	1.9876586729114234
24	22	2.9004822332466027	3.4004822332466027
24	23	0.9826479532365596	0.9826479532365596
25	20	3.8171169748908667	3.8171169748908667
25	21	2.4248338087382404	2.4248338087382404
25	23	1.4856409391235823	1.4856409391235823
25	24	2.1452878594724765	2.1452878594724765
26	21	3.3729810172723225	3.6019233580974994
26	23	2.4087309936977186	2.4087309936977186
26	25	1.5101463505236836	1.5101463505236836
27	19	4.2123932584840951	4.7123932584840951
27	22	4.2823402887998503	4.7823402887998503
27	23	2.1079146092761913	2.1079146092761913
27	24	2.7942682938548815	3.2942682938548815
27	25	1.0747674167000039	1.0747674167000039
27	26	2.1270018805821493	2.1270018805821493
28	23	2.6078383875111601	2.9327608960280767
28	25	2.3644318556473563	2.3644318556473563
28	26	1.2873795089250102	1.2873795089250102
29	12	4.1644141913882375	4.6644141913882375
29	14	4.5360551527266200	5.0000000000000000
29	17	3.7585241951654336	4.2585241951654336
29	19	2.8661739905267209	3.3661739905267209
29	22	4.4083028975930620	4.9083028975930620
29	24	1.4316302300766239	1.9316302300766239
29	25	2.4654553331991229	2.4654553331991229
29	26	1.9610349308464650	1.9610349308464650
29	27	3.3550773375728609	3.8550773375728609
29	28	0.9746979019162805	0.9746979019162805
30	25	3.7545677514195956	3.7545677514195956
30	26	2.4008658854671578	2.4008658854671578
30	28	1.4653712840096191	1.4653712840096191
30	29	2.1184902643156041	2.1184902643156041
31	26	2.9344159957494633	3.2844976700709418
31	28	2.4160310428469249	2.4160310428469249
31	30	1.5289267477547774	1.5289267477547774
32	24	4.1961957136934656	4.6961957136934656
32	27	4.5223405977584488	5.0000000000000000
32	28	2.0942628774821945	2.0942628774821945
32	29	2.7078099791090069	3.2078099791090069
32	30	1.0696401263976592	1.0696401263976592
32	31	2.1577166171673241	2.1577166171673241
33	28	2.5670146227444630	2.6783687422750648
33	30	2.4183800363052952	2.4183800363052952
33	31	1.3110716990309874	1.3110716990309874
34	19	4.4151252345252967	4.9151252345252967
34	22	4.1622040535301172	4.6622040535301172
34	24	2.7856481149587258	3.2856481149587258
34	27	3.0075107486484520	3.5075107486484520
34	29	2.5378095831367951	3.0378095831367951
34	30	2.5366020578719084	2.5366020578719084
34	31	1.9915011925680588	1.9915011925680588
34	32	2.8453806120408620	3.3453806120408620
34	33	0.9821975361402615	0.9821975361402615
35	30	3.8203557425978016	3.8203557425978016
35	31	2.4334759090650557	2.4334759090650557
35	33	1.4901429461632196	1.4901429461632196
35	34	2.1521751787435894	2.1521751787435894
36	31	3.4331677756100381	3.6627212639815032
36	33	2.4808244597310791	2.4808244597310791
36	35	1.5208543651513775	1.5208543651513775
37	32	4.4184413701334311	4.9184413701334311
37	33	2.1156041690259544	2.1156041690259544
37	34	2.7817502758033794	3.2817502758033794
37	35	1.0686154593678681	1.0686154593678681
37	36	2.1337696689193053	2.1337696689193053
38	33	2.7878621167814419	3.1190044962173040
38	35	2.3898294918257244	2.3898294918257244
38	36	1.2918649310202672	1.2918649310202672
39	22	3.8361924971087280	4.3361924971087280
39	24	4.1048687958739629	4.6048687958739629
39	27	3.4222857846627419	3.9222857846627419
39	29	4.4710033487338761	4.9710033487338761
39	34	2.2021302671543537	2.7021302671543537
39	35	2.4916157408396664	2.4916157408396664
39	36	1.9624319096468035	1.9624319096468035
39	37	3.1810339702809314	3.6810339702809314
39	38	0.9751081991245896	0.9751081991245896
40	35	3.7907794712961076	3.7907794712961076
40	36	2.4173466859348078	2.4173466859348078
40	38	1.4817806855267071	1.4817806855267071
40	39	2.1376047342761941	2.1376047342761941
41	36	2.9787864353781974	3.3061922675606112
41	38	2.5053361051962661	2.5053361051962661
41	40	1.5309137794141119	1.5309137794141119
42	34	4.5295475810139241	5.0000000000000000
42	37	4.4540172633359374	4.9540172633359374
42	38	2.0910987542438062	2.0910987542438062
42	39	2.5403230322334163	3.0403230322334163
42	40	1.0689125315010577	1.0689125315010577
42	41	2.1447901995300143	2.1447901995300143
43	38	2.7178312956922617	2.9123052903289142
43	40	2.4186229553198237	2.4186229553198237
43	41	1.2918227432585323	1.2918227432585323
44	27	3.0533651782278977	3.5533651782278977
44	32	4.5664024867253463	5.0000000000000000
44	34	2.7758509333056138	3.2758509333056138
44	37	4.5195198010947335	5.0000000000000000
44	39	2.3026839604549627	2.8026839604549627
44	40	2.5359570185632090	2.5359570185632090
44	41	1.9651653874419830	1.9651653874419830
44	42	3.2219385514157319	3.7219385514157319
44	43	0.9742427828831988	0.9742427828831988
45	40	3.8149596328139568	3.8149596328139568
45	41	2.4126450215479274	2.4126450215479274
45	43	1.4892890921510169	1.4892890921510169
45	44	2.1504071707469725	2.1504071707469725
46	41	3.0092149033128472	3.3472106558250845
46	43	2.5157223614699613	2.5157223614699613
46	45	1.5439057613727591	1.5439057613727591
47	42	4.6027578955659498	5.0000000000000000
47	43	2.0907823894418089	2.0907823894418089
47	44	2.7251763898238512	3.2251763898238512
47	45	1.0696677054113584	1.0696677054113584
47	46	2.1407157681485880	2.1407157681485880
48	43	2.7794938034759404	3.0667274236413227
48	45	2.4334791965414455	2.4334791965414455
48	46	1.3088017420526306	1.3088017420526306
49	27	3.9736278546649304	4.4736278546649304
49	32	3.6353917690619979	4.1353917690619983
49	34	2.5584652284875284	3.0584652284875284
49	37	3.7596451188273372	4.2596451188273372
49	39	3.0064087297647073	3.5064087297647073
49	42	3.9095026909333281	4.4095026909333281
49	44	1.5933689827228390	2.0933689827228390
49	45	2.5882128969619167	2.5882128969619167
49	46	2.6786673925666840	2.6786673925666840
49	47	3.4081106724723136	3.9081106724723136
49	48	2.0956547902743905	2.0956547902743905
50	45	3.8344450706718956	3.8344450706718956
50	46	2.4421932765446721	2.4421932765446721
50	48	1.4744578664716057	1.4744578664716057
50	49	3.2691251123198084	3.2691251123198084
51	46	2.8024971441627318	3.0432335943833162
51	48	2.4942151070026020	2.4942151070026020
51	50	1.5405651560385234	1.5405651560385234
52	47	4.7171882435794705	5.0000000000000000
52	48	2.0946753925131212	2.0946753925131212
52	49	3.7145069309431666	4.2145069309431662
52	50	1.0819782807431950	1.0819782807431950
52	51	2.1564387308708777	2.1564387308708777
53	48	2.7935807939390869	3.0804406949043375
53	50	2.4534722333867971	2.4534722333867971
53	51	1.3167205474207500	1.3167205474207500
54	34	4.5087595152009197	5.0000000000000000
54	37	3.9558300960443198	4.4558300960443198
54	39	3.9926999683252395	4.4926999683252395
54	42	3.1377797356947559	3.6377797356947559
54	44	3.0216793428665776	3.5216793428665776
54	47	3.5845308265837486	4.0845308265837481
54	49	2.0528723208572521	2.5528723208572521
54	50	2.7850775572683788	2.7850775572683788
54	51	2.7826293321245643	2.7826293321245643
54	52	3.5188998032059811	4.0188998032059811
54	53	2.1188206625384791	2.1188206625384791
55	50	3.8336911717038449	3.8336911717038449
55	51	2.4254502674761231	2.4254502674761231
55	53	1.4716460172201737	1.4716460172201737
55	54	3.2397285380105538	3.2397285380105538
56	51	2.7882483889080394	3.1181481674386267
56	53	2.4237718539499542	2.4237718539499542
56	55	1.5174610373910755	1.5174610373910755
57	52	4.6117202453372554	5.0000000000000000
57	53	2.1135020700250093	2.1135020700250093
57	54	3.9225204890840466	4.4225204890840466
57	55	1.0717746964730970	1.0717746964730970
57	56	2.1513300537109590	2.1513300537109590
58	53	2.7653669363407434	3.1241440263390960
58	55	2.3735208025210142	2.3735208025210142
58	56	1.2922635180178998	1.2922635180178998
59	42	4.0288642250295377	4.5288642250295377
59	47	3.7524996456110618	4.2524996456110618
59	54	2.8326141083390710	3.3326141083390710
59	55	2.4637570902992856	2.4637570902992856
59	56	1.9626642606416411	1.9626642606416411
59	57	3.2967233625492049	3.7967233625492049
59	58	0.9786715485800128	0.9786715485800128
60	55	3.7796913895184621	3.7796913895184621
60	56	2.4201030969774826	2.4201030969774826
60	58	1.4806451296647694	1.4806451296647694
60	59	2.1407858370234050	2.1407858370234050
61	56	2.7294993907789351	2.9857354246811569
61	58	2.4610203168604685	2.4610203168604685
61	60	1.5345556360067238	1.5345556360067238
62	57	4.6801150536654594	5.0000000000000000
62	58	2.1059603510037892	2.1059603510037892
62	59	2.4496834572619210	2.9496834572619210
62	60	1.0796244717493213	1.0796244717493213
62	61	2.1544595610036406	2.1544595610036406
63	58	2.9749902633924550	3.3232345225595292
63	60	2.4374679485072210	2.4374679485072210
63	61	1.3061703564236937	1.3061703564236937
64	47	2.9972902186694110	3.4972902186694110
64	52	4.7838705445513146	5.0000000000000000
64	54	4.7440714365291798	5.0000000000000000
64	59	3.2878903076701729	3.7878903076701729
64	60	2.5689984429734478	2.5689984429734478
64	61	1.9855367032618660	1.9855367032618660
64	62	3.2766579353657797	3.7766579353657797
64	63	0.9758980479537811	0.9758980479537811
65	60	3.8293842847121002	3.8293842847121002
65	61	2.4236850042858293	2.4236850042858293
65	63	1.4853814324946977	1.4853814324946977
65	64	2.1404534566301603	2.1404534566301603
66	61	3.1167390181247612	3.4515083814847700
66	63	2.4567539559345377	2.4567539559345377
66	65	1.5271155817422595	1.5271155817422595
67	62	4.2520072740015298	4.7520072740015298
67	63	2.1151978630851529	2.1151978630851529
67	64	2.7206408637781991	3.2206408637781991
67	65	1.0797703459532486	1.0797703459532486
67	66	2.1479427366668782	2.1479427366668782
68	63	3.5182950926428678	3.6588145942606998
68	65	2.4263029489327996	2.4263029489327996
68	66	1.3013316256819396	1.3013316256819396
69	64	4.2704806242787647	4.7704806242787647
69	65	2.5638434039543050	2.5638434039543050
69	66	1.9860838350885386	1.9860838350885386
69	67	2.2117530318026164	2.7117530318026164
69	68	0.9787078215688270	0.9787078215688270
70	65	3.8071801901144631	3.8071801901144631
70	66	2.4027244952345246	2.4027244952345246
70	68	1.4832076725799392	1.4832076725799392
70	69	2.1503604349038787	2.1503604349038787
71	66	2.9073092443786792	3.2696606115050590
71	68	2.4303590269752324	2.4303590269752324
71	70	1.5290447998668968	1.5290447998668968
72	52	2.9572850110415789	3.4572850110415789
72	67	4.1371306634237897	4.6371306634237897
72	68	2.1114483180982671	2.1114483180982671
72	69	2.6283041042081470	3.1283041042081470
72	70	1.0806012215428966	1.0806012215428966
72	71	2.1502709131641993	2.1502709131641993
73	68	2.8556207246808971	3.2151444179365591
73	70	2.4232329644505914	2.4232329644505914
73	71	1.3060497693426545	1.3060497693426545
74	52	2.2251004168650672	2.7251004168650672
74	64	4.1573939996085203	4.6573939996085203
74	67	4.5637703802591947	5.0000000000000000
74	69	3.6746117956666171	4.1746117956666176
74	70	2.5513643408968467	2.5513643408968467
74	71	1.9884722779058299	1.9884722779058299
74	72	2.1796952603530926	2.6796952603530926
74	73	0.9796948504508940	0.9796948504508940
75	70	3.8158749979526321	3.8158749979526321
75	71	2.4209564225735254	2.4209564225735254
75	73	1.4846763957172620	1.4846763957172620
75	74	2.1444659008713569	2.1444659008713569
76	71	3.1137426872640925	3.4500913861380851
76	73	2.4726400870324814	2.4726400870324814
76	75	1.5317901292278910	1.5317901292278910
77	69	4.7988426400550575	5.0000000000000000
77	72	4.1726271336619014	4.6726271336619014
77	73	2.1021860050908909	2.1021860050908909
77	74	2.7155604432246863	3.2155604432246863
77	75	1.0753817926671436	1.0753817926671436
77	76	2.1454950477686960	2.1454950477686960
78	73	2.9825100500097270	3.3314109477541782
78	75	2.4233936948007435	2.4233936948007435
78	76	1.3034469686182095	1.3034469686182095
79	32	4.2294518623904027	4.7294518623904027
79	49	4.2620384532885058	4.7620384532885058
79	52	3.0030059439461798	3.5030059439461798
79	72	4.7089122602379314	5.0000000000000000
79	74	2.5859482283911284	3.0859482283911284
79	75	2.5444413925260689	2.5444413925260689
79	76	1.9809399284178209	1.9809399284178209
79	77	3.2067109009067161	3.7067109009067161
79	78	0.9771330513292448	0.9771330513292448
80	75	3.8177996280580255	3.8177996280580255
80	76	2.4208058575606595	2.4208058575606595
80	78	1.4847151241904961	1.4847151241904961
80	79	2.1441040086712211	2.1441040086712211
81	76	2.8016375144181227	3.1115956420706032
81	78	2.4676928496066926	2.4676928496066926
81	80	1.5240954694506508	1.5240954694506508
82	32	4.6581046208620309	5.0000000000000000
82	77	4.5119147206720278	5.0000000000000000
82	78	2.1008476860543701	2.1008476860543701
82	79	2.5277233931016210	3.0277233931016210
82	80	1.0787631806842504	1.0787631806842504
82	81	2.1380816167770584	2.1380816167770584
83	78	3.5712658484271604	3.6575739619474579
83	80	2.4030449433999350	2.4030449433999350
83	81	1.2996853465358451	1.2996853465358451
84	79	4.3922371621196215	4.8922371621196215
84	80	2.5137664967136470	2.5137664967136470
84	81	1.9760366899427753	1.9760366899427753
84	82	2.2319722095020293	2.7319722095020293
84	83	0.9796259490234013	0.9796259490234013
85	80	3.8021337430448185	3.8021337430448185
85	81	2.4190646952903103	2.4190646952903103
85	83	1.4860639286383346	1.4860639286383346
85	84	2.1508763330326550	2.1508763330326550
86	81	2.9149575057089310	3.2612251016129079
86	83	2.4621602303668224	2.4621602303668224
86	85	1.5321595869882489	1.5321595869882489
87	82	4.0902006366563750	4.5902006366563750
87	83	2.1100808041399750	2.1100808041399750
87	84	2.6302668629462556	3.1302668629462556
87	85	1.0795716743227384	1.0795716743227384
87	86	2.1486595821581420	2.1486595821581420
88	83	3.1701234221330226	3.4884867552761221
88	85	2.4281103764038408	2.4281103764038408
88	86	1.3046551268438724	1.3046551268438724
89	84	4.1397895070650303	4.6397895070650303
89	85	2.5561856348864804	2.5561856348864804
89	86	1.9848279522417049	1.9848279522417049
89	87	1.9825252810845950	2.4825252810845950
89	88	0.9769918116340583	0.9769918116340583
90	85	3.8193373770851928	3.8193373770851928
90	86	2.4193778125790932	2.4193778125790932
90	88	1.4834089119322422	1.4834089119322422
90	89	2.1408566042591457	2.1408566042591457
91	86	2.7204311264833603	2.9832539812289980
91	88	2.4636497315974117	2.4636497315974117
91	90	1.5296855886096328	1.5296855886096328
92	87	4.3194659319820738	4.8194659319820738
92	88	2.1056336338499153	2.1056336338499153
92	89	2.4432407003115455	2.9432407003115455
92	90	1.0787256370365910	1.0787256370365910
92	91	2.1479685751891244	2.1479685751891244
93	88	2.9237479426763859	3.2751360347618643
93	90	2.4224188324895430	2.4224188324895430
93	91	1.3043101624997024	1.3043101624997024
94	87	4.6083223107450157	5.0000000000000000
94	89	3.2607243422430994	3.7607243422430994
94	90	2.5479870486327050	2.5479870486327050
94	91	1.9871054325324564	1.9871054325324564
94	92	3.2064009218213125	3.7064009218213125
94	93	0.9820758626501318	0.9820758626501318
95	90	3.8195842705718643	3.8195842705718643
95	91	2.4239682341152906	2.4239682341152906
95	93	1.4883134750448237	1.4883134750448237
95	94	2.1506245604474992	2.1506245604474992
96	91	3.5528506612794142	3.6740822401037785
96	93	2.4405607962105758	2.4405607962105758
96	95	1.5236974765352864	1.5236974765352864
97	93	2.1132839373827643	2.1132839373827643
97	94	2.5728115053526905	3.0728115053526905
97	95	1.0813352856538068	1.0813352856538068
97	96	2.1469452717756923	2.1469452717756923
98	93	2.6531128313601759	2.9396448116098948
98	95	2.4134527134377426	2.4134527134377426
98	96	1.3048846692332625	1.3048846692332625
99	92	4.5797194048021010	5.0000000000000000
99	94	2.3455895140422220	2.8455895140422220
99	95	2.5339003532104414	2.5339003532104414
99	96	1.9839750502463485	1.9839750502463485
99	97	3.4262540820874356	3.9262540820874356
99	98	0.9801943684800488	0.9801943684800488
100	95	3.8103392237437332	3.8103392237437332
100	96	2.4234725086123832	2.4234725086123832
100	98	1.4871136473047368	1.4871136473047368
100	99	2.1501334842283635	2.1501334842283635
101	96	2.7295972152639698	2.9963098977051876
101	98	2.4687057337803551	2.4687057337803551
101	100	1.5326483614971835	1.5326483614971835
102	94	4.2541266699078992	4.7541266699078992
102	98	2.1058941093986649	2.1058941093986649
102	99	2.0015796707412581	2.5015796707412581
102	100	1.0797967401321422	1.0797967401321422
102	101	2.1493836325793505	2.1493836325793505
