  -1.3590000e+01  -1.5650000e+00   5.5810000e+00
  -1.1971000e+01  -1.2690000e+00   6.0000000e+00
  -1.2917000e+01  -3.1000000e-02   5.3230000e+00
  -1.2726000e+01  -1.0520000e+00   5.3170000e+00
  -1.2295000e+01  -1.4700000e+00   3.9530000e+00
  -1.2972000e+01  -2.2230000e+00   3.5760000e+00
  -1.0879000e+01  -2.0460000e+00   4.0190000e+00
  -1.0286000e+01  -2.3170000e+00   2.8890000e+00
  -1.0745000e+01  -2.1480000e+00   2.0430000e+00
  -8.9080000e+00  -2.8750000e+00   2.8850000e+00
  -8.2810000e+00  -2.6590000e+00   1.5110000e+00
  -8.3180000e+00  -2.3620000e+00   3.6240000e+00
  -8.7140000e+00  -1.6450000e+00   8.2100000e-01
  -9.4110000e+00  -1.0630000e+00   1.1940000e+00
  -8.1500000e+00  -1.3470000e+00  -5.2200000e-01
  -7.9410000e+00   1.5600000e-01  -6.1600000e-01
  -7.2040000e+00  -1.8590000e+00  -6.4600000e-01
  -7.6920000e+00   7.8800000e-01   5.0100000e-01
  -7.6460000e+00   2.9000000e-01   1.3510000e+00
  -7.4890000e+00   2.2610000e+00   4.9200000e-01
  -6.3990000e+00   2.6250000e+00   1.5010000e+00
  -7.1850000e+00   2.5790000e+00  -4.9700000e-01
  -5.6640000e+00   1.6500000e+00   1.9590000e+00
  -5.8180000e+00   7.3000000e-01   1.6500000e+00
  -4.5720000e+00   1.9180000e+00   2.9300000e+00
  -3.4130000e+00   1.0280000e+00   2.5490000e+00
  -4.2720000e+00   2.9480000e+00   2.8650000e+00
  -3.7370000e+00  -1.5500000e-01   2.1580000e+00
  -4.6770000e+00  -4.1100000e-01   2.1280000e+00
  -2.7210000e+00  -1.1190000e+00   1.7270000e+00
  -2.3270000e+00  -7.6400000e-01   2.9300000e-01
  -1.8730000e+00  -1.0840000e+00   2.3780000e+00
  -2.5970000e+00   4.5600000e-01  -1.0400000e-01
  -3.0310000e+00   1.0860000e+00   5.1200000e-01
  -2.2920000e+00   8.8200000e-01  -1.4990000e+00
  -1.5420000e+00   2.2050000e+00  -1.5120000e+00
  -1.7150000e+00   1.3500000e-01  -2.0000000e+00
  -2.1710000e+00   3.2200000e+00  -1.0190000e+00
  -3.0770000e+00   3.1000000e+00  -6.7900000e-01
  -1.5740000e+00   4.5760000e+00  -1.0420000e+00
  -5.0000000e-01   4.7620000e+00   3.3000000e-02
  -1.1560000e+00   4.7570000e+00  -2.0090000e+00
  -6.5900000e-01   4.1400000e+00   1.1540000e+00
  -1.4470000e+00   3.5830000e+00   1.2880000e+00
   3.2200000e-01   4.3260000e+00   2.2590000e+00
   1.6380000e+00   3.5610000e+00   2.0010000e+00
   5.4400000e-01   5.3690000e+00   2.3430000e+00
   1.5380000e+00   2.2800000e+00   1.7520000e+00
  -4.4900000e-01   2.1440000e+00   1.1000000e+00
   2.7140000e+00   1.4250000e+00   1.5070000e+00
   3.7300000e+00   2.1110000e+00   5.7400000e-01
   3.1900000e+00   1.1990000e+00   2.4520000e+00
   3.3040000e+00   2.5500000e+00  -5.9200000e-01
   1.2140000e+00   2.8240000e+00  -3.7700000e-01
   4.2180000e+00   3.2390000e+00  -1.5170000e+00
   4.7700000e+00   4.4670000e+00  -8.1700000e-01
   5.0070000e+00   2.5910000e+00  -1.8430000e+00
   3.9220000e+00   5.4270000e+00  -6.4600000e-01
   3.0050000e+00   5.3120000e+00  -9.6800000e-01
   4.3050000e+00   6.6820000e+00   4.0000000e-02
   5.1750000e+00   6.3510000e+00   1.2600000e+00
   4.8550000e+00   7.3150000e+00  -6.4000000e-01
   4.5730000e+00   6.0970000e+00   2.3910000e+00
   3.5990000e+00   6.1230000e+00   2.4460000e+00
   5.3630000e+00   5.7640000e+00   3.6040000e+00
   5.3550000e+00   4.2510000e+00   3.8110000e+00
   6.3790000e+00   6.1120000e+00   3.4920000e+00
   6.2870000e+00   3.7330000e+00   4.5570000e+00
   6.9670000e+00   4.3030000e+00   4.9700000e+00
   6.2870000e+00   2.2700000e+00   4.8010000e+00
   5.2720000e+00   1.9870000e+00   5.9090000e+00
   6.0000000e+00   1.7470000e+00   3.9000000e+00
   4.0070000e+00   2.0370000e+00   5.5880000e+00
   3.7390000e+00   2.2540000e+00   4.6710000e+00
   2.9650000e+00   1.7970000e+00   6.6180000e+00
   2.5590000e+00   3.2000000e-01   6.6220000e+00
   3.3510000e+00   2.0660000e+00   7.5850000e+00
   1.7290000e+00  -7.3000000e-02   5.6970000e+00
   1.3940000e+00   5.6700000e-01   5.0390000e+00
   1.2760000e+00  -1.4860000e+00   5.6460000e+00
   2.4770000e+00  -2.4210000e+00   5.5670000e+00
   7.1100000e-01  -1.7070000e+00   6.5380000e+00
   2.2560000e+00  -3.6710000e+00   5.8460000e+00
   1.3510000e+00  -3.9600000e+00   6.0850000e+00
   3.3640000e+00  -4.6600000e+00   5.7950000e+00
   3.7480000e+00  -4.9160000e+00   4.3340000e+00
   4.2190000e+00  -4.2750000e+00   6.3300000e+00
   4.8360000e+00  -4.3500000e+00   3.8890000e+00
   5.3740000e+00  -3.7870000e+00   4.4790000e+00
   5.2650000e+00  -4.5560000e+00   2.4840000e+00
   5.2210000e+00  -6.0470000e+00   2.1450000e+00
   4.6070000e+00  -4.0140000e+00   1.8230000e+00
   6.2310000e+00  -6.7770000e+00   2.5300000e+00
   6.9790000e+00  -6.3650000e+00   3.0150000e+00
   6.2630000e+00  -8.2340000e+00   2.2280000e+00
   7.7200000e+00  -8.6730000e+00   2.1500000e+00
   5.7570000e+00  -8.7790000e+00   3.0130000e+00
   8.5120000e+00  -7.9610000e+00   1.3960000e+00
   8.1580000e+00  -7.1850000e+00   9.1300000e-01
   9.9530000e+00  -8.3100000e+00   1.2810000e+00
   1.0102000e+01  -9.8190000e+00   1.0580000e+00
   1.0382000e+01  -7.7780000e+00   4.4500000e-01
