2	1	1.7003120301874017	1.7003120301874017
3	1	1.6955768929777268	1.6955768929777268
3	2	1.6985211214465374	1.6985211214465374
4	1	1.0402542958334757	1.0402542958334757
4	2	1.0407487689159187	1.0407487689159187
4	3	1.0392805203601199	1.0392805203601199
5	1	2.0879245676029581	2.0879245676029581
5	2	2.0890394922068856	2.0890394922068856
5	3	2.0872834019365945	2.0872834019365945
5	4	1.4963662653241017	1.4963662653241017
6	1	2.6829151609953561	3.1829151609953561
6	2	2.1683885629208652	2.6683885629208652
6	3	2.1099145219638489	2.6099145219638489
6	4	2.1266795715386935	2.1266795715386935
6	5	1.0787427867661501	1.0787427867661501
7	4	2.4882945967067487	2.4882945967067487
7	5	1.5346641326361936	1.5346641326361936
7	6	2.1605277133145040	2.1605277133145040
8	4	3.6384635751720382	3.6957349380884512
8	5	2.4352309952035354	2.4352309952035354
8	7	1.3105731570576287	1.3105731570576287
9	1	4.1025034674797194	4.6025034674797194
9	2	4.4877538861299096	4.9877538861299096
9	3	4.0061600652001168	4.5061600652001168
9	5	2.5588159371084118	2.5588159371084118
9	6	2.2653492150893810	2.7653492150893810
9	7	1.9898203436491444	1.9898203436491444
9	8	0.9809551467829709	0.9809551467829709
10	5	3.8394064645463115	3.8394064645463115
10	7	2.4375475379979781	2.4375475379979781
10	8	1.4962773807018546	1.4962773807018546
10	9	2.1581679730734593	2.1581679730734593
11	7	3.4799682028633590	3.6898956807626422
11	8	2.4882718902885190	2.4882718902885190
11	10	1.5380120285615453	1.5380120285615453
12	1	4.4357980226180693	4.9357980226180693
12	3	4.8081548862586381	5.0000000000000000
12	6	4.3019475299654140	4.8019475299654140
12	8	2.1270573570075633	2.1270573570075633
12	9	2.6804147398328921	3.1804147398328921
12	10	1.0787033883324924	1.0787033883324924
12	11	2.1648995357752745	2.1648995357752745
13	8	3.0394185965276406	3.3933491094719774
13	10	2.4141967608295722	2.4141967608295722
13	11	1.3136647213044885	1.3136647213044885
14	9	4.3996903643517733	4.8996903643517733
14	10	3.0269638253537159	3.0269638253537159
14	11	2.9103733437481867	2.9103733437481867
14	12	2.1551456847599564	2.6551456847599564
14	13	2.1058314272514789	2.1058314272514789
15	10	3.8185198703162460	3.8185198703162460
15	11	2.4371764400633777	2.4371764400633777
15	13	1.4828668180251388	1.4828668180251388
15	14	3.0810579351904437	3.0810579351904437
16	11	3.0896040536365925	3.4271511096784759
16	13	2.4942884756980295	2.4942884756980295
16	15	1.5364598920896044	1.5364598920896044
17	9	4.4049817310509090	4.9049817310509090
17	12	4.3633902167085878	4.8633902167085878
17	13	2.1168800154945018	2.1168800154945018
17	14	3.7720748234555135	4.2720748234555135
17	15	1.0766749741681565	1.0766749741681565
17	16	2.1645660073095483	2.1645660073095483
18	13	2.9519332467094697	3.2960824759164780
18	15	2.4374884615111507	2.4374884615111507
18	16	1.3137499762131302	1.3137499762131302
19	12	4.5618544730648818	5.0000000000000000
19	14	4.4653040648793114	4.9653040648793114
19	15	2.5546064276126756	2.5546064276126756
19	16	1.9898107950254971	1.9898107950254971
19	17	2.2084950039471423	2.7084950039471423
19	18	0.9814295695565727	0.9814295695565727
20	15	3.8507170760781682	3.8507170760781682
20	16	2.4516902332880472	2.4516902332880472
20	18	1.5006538574901280	1.5006538574901280
20	19	2.1595318937214150	2.1595318937214150
21	16	2.8543108452568280	3.1510679632711800
21	18	2.5119102292876638	2.5119102292876638
21	20	1.5400327918586669	1.5400327918586669
22	17	4.3686042805479834	4.8686042805479834
22	18	2.1261820241926608	2.1261820241926608
22	19	2.0991746925552692	2.5991746925552692
22	20	1.0784952480192018	1.0784952480192018
22	21	2.1611045786819294	2.1611045786819294
23	18	2.7175967642144294	2.9027712588213288
23	20	2.4458522032207917	2.4458522032207917
23	21	1.3114297541233388	1.3114297541233388
24	12	3.6103055308513614	4.1103055308513614
24	14	2.9700848376086615	3.4700848376086615
24	17	3.8679683684933126	4.3679683684933126
24	19	2.6124402644342775	3.1124402644342775
24	20	2.5728367612423448	2.5728367612423448
24	21	1.9900266329876095	1.9900266329876095
24	22	2.8973039277963331	3.3973039277963331
24	23	0.9787798526737258	0.9787798526737258
25	20	3.8459992199687196	3.8459992199687196
25	21	2.4355280741555823	2.4355280741555823
25	23	1.4940752993072335	1.4940752993072335
25	24	2.1537783079973667	2.1537783079973667
26	21	3.2341287925982520	3.5462955520844530
26	23	2.4767567502683825	2.4767567502683825
26	25	1.5351407101630785	1.5351407101630785
27	22	4.4282768810068349	4.9282768810068349
27	23	2.1181241701090139	2.1181241701090139
27	24	2.8052235416131435	3.3052235416131435
27	25	1.0762680892788745	1.0762680892788745
27	26	2.1508068253564754	2.1508068253564754
28	23	2.6803214586241562	2.9212384985910531
28	25	2.4334685122269408	2.4334685122269408
28	26	1.3087803482632219	1.3087803482632219
29	12	3.4904687190483190	3.9904687190483190
29	14	3.9313922996553554	4.4313922996553554
29	19	3.9444707068968299	4.4444707068968299
29	22	3.9633737401475306	4.4633737401475306
29	24	1.8794766876256741	2.3794766876256741
29	25	2.5539377439554007	2.5539377439554007
29	26	1.9879761064962529	1.9879761064962529
29	27	3.2254678954575962	3.7254678954575962
29	28	0.9827812574525421	0.9827812574525421
30	25	3.8369134730926628	3.8369134730926628
30	26	2.4327022012568658	2.4327022012568658
30	28	1.4981768920925194	1.4981768920925194
30	29	2.1673903663161371	2.1673903663161371
31	26	2.8225605208994020	3.1399261179226015
31	28	2.4862972469115592	2.4862972469115592
31	30	1.5347397173462347	1.5347397173462347
32	24	4.5057675471142371	5.0000000000000000
32	27	4.7130559808398429	5.0000000000000000
32	28	2.1191040559632741	2.1191040559632741
32	29	2.6287731915748802	3.1287731915748802
32	30	1.0750218602428512	1.0750218602428512
32	31	2.1503381129487518	2.1503381129487518
33	28	2.6668533479358478	2.8373458633153024
33	30	2.4333850907737560	2.4333850907737560
33	31	1.3091665287502579	1.3091665287502579
34	22	3.5005367079755554	4.0005367079755558
34	24	3.4307534600069394	3.9307534600069394
34	27	3.7802755829045740	4.2802755829045740
34	29	2.2536157458942641	2.7536157458942641
34	30	2.5519079136990817	2.5519079136990817
34	31	1.9831903589922979	1.9831903589922979
34	32	3.3288050668114462	3.8288050668114462
34	33	0.9766355512677184	0.9766355512677184
35	30	3.8356842935778750	3.8356842935778750
35	31	2.4334457051678799	2.4334457051678799
35	33	1.4951939673500561	1.4951939673500561
35	34	2.1571708323635383	2.1571708323635383
36	31	2.8939344358284722	3.2357700729230752
36	33	2.4735856564914016	2.4735856564914016
36	35	1.5318867451610121	1.5318867451610121
37	32	4.5710625515190806	5.0000000000000000
37	33	2.1214761370328916	2.1214761370328916
37	34	2.7614896501900623	3.2614896501900623
37	35	1.0755584595920391	1.0755584595920391
37	36	2.1529396182893752	2.1529396182893752
38	33	2.6882363450447921	2.9622163070986125
38	35	2.4243714649368400	2.4243714649368400
38	36	1.3095136501770419	1.3095136501770419
39	22	4.7656716322136257	5.0000000000000000
39	24	4.5452994248743170	5.0000000000000000
39	27	2.9687409852368027	3.4687409852368027
39	29	3.8942418447881240	4.3942418447881240
39	32	4.1403128630807000	4.6403128630807000
39	34	2.2068332656857739	2.7068332656857739
39	35	2.5394475777223673	2.5394475777223673
39	36	1.9844628996280076	1.9844628996280076
39	37	3.3412596413719111	3.8412596413719111
39	38	0.9781221805071184	0.9781221805071184
40	35	3.8278448244410326	3.8278448244410326
40	36	2.4340034921914144	2.4340034921914144
40	38	1.4930375079012583	1.4930375079012583
40	39	2.1548378129223553	2.1548378129223553
41	36	2.9583799446940482	3.3060516148034087
41	38	2.4731366723252481	2.4731366723252481
41	40	1.5324516305580416	1.5324516305580416
42	37	4.4882982277737327	4.9882982277737327
42	38	2.1247350423052751	2.1247350423052751
42	39	2.6868943258563123	3.1868943258563123
42	40	1.0786129982528487	1.0786129982528487
42	41	2.1597337798904754	2.1597337798904754
43	38	2.6667544365752134	2.8623836068556687
43	40	2.4410845950109965	2.4410845950109965
43	41	1.3151342136831510	1.3151342136831510
44	27	4.1729708812559068	4.6729708812559068
44	29	4.6365281812331283	5.0000000000000000
44	32	3.1543089888798752	3.6543089888798752
44	34	3.6431516770667911	4.1431516770667915
44	37	3.8687693315992941	4.3687693315992941
44	39	2.2648743720844244	2.7648743720844244
44	40	2.5701850127957719	2.5701850127957719
44	41	1.9955938965631259	1.9955938965631259
44	42	3.2902516922129093	3.7902516922129093
44	43	0.9818864496468011	0.9818864496468011
45	40	3.8403775856027491	3.8403775856027491
45	41	2.4374224090214649	2.4374224090214649
45	43	1.4951769126093408	1.4951769126093408
45	44	2.1594469199311197	2.1594469199311197
46	41	2.8005030170663763	3.1191704233993760
46	43	2.4694244268654995	2.4694244268654995
46	45	1.5327109968940655	1.5327109968940655
47	42	4.5655715090375919	5.0000000000000000
47	43	2.1289485667812649	2.1289485667812649
47	44	2.6073349332096170	3.1073349332096170
47	45	1.0791617117003365	1.0791617117003365
47	46	2.1629140066123758	2.1629140066123758
48	43	2.6762984407563470	2.9390462040144980
48	45	2.4304221855471946	2.4304221855471946
48	46	1.3130495040172703	1.3130495040172703
49	32	4.5934373635748074	5.0000000000000000
49	37	3.3626127364037508	3.8626127364037508
49	39	4.0837979682789447	4.5837979682789447
49	42	3.9270402879743624	4.4270402879743624
49	44	2.4663786781483155	2.9663786781483155
49	45	2.5489801882321488	2.5489801882321488
49	46	1.9904700449893735	1.9904700449893735
49	47	3.3220719793229088	3.8220719793229088
49	48	0.9809892965776945	0.9809892965776945
50	45	3.8353963289339474	3.8353963289339474
50	46	2.4403487455689605	2.4403487455689605
50	48	1.4945611395991800	1.4945611395991800
50	49	2.1563091151316871	2.1563091151316871
51	46	2.9199970123343855	3.2637285963904730
51	48	2.4732266374111371	2.4732266374111371
51	50	1.5321608923347443	1.5321608923347443
52	47	4.5802583231637737	5.0000000000000000
52	48	2.1297539764019691	2.1297539764019691
52	49	2.7001936660007737	3.2001936660007737
52	50	1.0789295621123745	1.0789295621123745
52	51	2.1626405156659763	2.1626405156659763
53	48	2.6912140196661309	2.9576892843567673
53	50	2.4322027053681197	2.4322027053681197
53	51	1.3128971779998615	1.3128971779998615
54	37	4.5033313934420089	5.0000000000000000
54	39	4.5261099300433854	5.0000000000000000
54	42	2.8675597780932809	3.3675597780932809
54	44	3.8239552127727752	4.3239552127727752
54	47	4.1105135945761022	4.6105135945761022
54	49	2.2047793973882963	2.7047793973882963
54	50	2.5528035568762433	2.5528035568762433
54	51	1.9895434149573112	1.9895434149573112
54	52	3.2235817483469043	3.7235817483469043
54	53	0.9793324256859876	0.9793324256859876
55	50	3.8366950621596185	3.8366950621596185
55	51	2.4400721300814037	2.4400721300814037
55	53	1.4952468023707659	1.4952468023707659
55	54	2.1556982627445800	2.1556982627445800
56	51	2.8721409916156948	3.2072655673149595
56	53	2.4737944538704100	2.4737944538704100
56	55	1.5320326367280821	1.5320326367280821
57	42	4.6541076475111227	5.0000000000000000
57	52	4.6144367417386372	5.0000000000000000
57	53	2.1285361166773753	2.1285361166773753
57	54	2.5662375240184634	3.0662375240184634
57	55	1.0788035038875246	1.0788035038875246
57	56	2.1619058721415230	2.1619058721415230
58	53	2.6473839341370686	2.8434280657084074
58	55	2.4276684287604020	2.4276684287604020
58	56	1.3116699279925572	1.3116699279925572
59	42	3.7317040509762562	4.2317040509762567
59	44	4.3334436190128436	4.8334436190128436
59	47	3.3104078722895638	3.8104078722895638
59	49	3.6196946746142817	4.1196946746142817
59	52	3.9949540979943183	4.4949540979943183
59	54	2.1873512134618536	2.6873512134618536
59	55	2.5441371818359166	2.5441371818359166
59	56	1.9885979985909672	1.9885979985909672
59	57	3.2376609035838881	3.7376609035838881
59	58	0.9813511094404488	0.9813511094404488
60	55	3.8342138698825865	3.8342138698825865
60	56	2.4414831557887102	2.4414831557887102
60	58	1.4939457821487365	1.4939457821487365
60	59	2.1546633147663696	2.1546633147663696
61	56	2.8560484481601596	3.1804717870203740
61	58	2.4773826914709813	2.4773826914709813
61	60	1.5315250569285508	1.5315250569285508
62	57	4.6741374604171106	5.0000000000000000
62	58	2.1283921161289809	2.1283921161289809
62	59	2.6285034293111385	3.1285034293111385
62	60	1.0784372953491548	1.0784372953491548
62	61	2.1616100480891558	2.1616100480891558
63	58	2.7069070778901341	2.9859111705140364
63	60	2.4274278568064593	2.4274278568064593
63	61	1.3103133213090676	1.3103133213090676
64	47	4.0746015315148352	4.5746015315148352
64	49	4.7622420813253417	5.0000000000000000
64	52	3.5103004712783070	4.0103004712783070
64	54	4.1723493470066746	4.6723493470066746
64	57	4.3796291624469408	4.8796291624469408
64	59	2.4986053708813718	2.9986053708813718
64	60	2.5461111523262296	2.5461111523262296
64	61	1.9884428581178792	1.9884428581178792
64	62	3.2589094861406367	3.7589094861406367
64	63	0.9816455572150266	0.9816455572150266
65	60	3.8342838966357196	3.8342838966357196
65	61	2.4384798543354833	2.4384798543354833
65	63	1.4977586587965366	1.4977586587965366
65	64	2.1619863551835845	2.1619863551835845
66	61	2.8981999432519494	3.2356398980461196
66	63	2.4842602520670014	2.4842602520670014
66	65	1.5343904327126132	1.5343904327126132
67	62	4.4962676501958452	4.9962676501958452
67	63	2.1309270283142028	2.1309270283142028
67	64	2.6804663217450519	3.1804663217450519
67	65	1.0787673521200014	1.0787673521200014
67	66	2.1632015624994354	2.1632015624994354
68	63	2.6658678620695242	2.8703094034797818
68	65	2.4306546443293833	2.4306546443293833
68	66	1.3111292842431674	1.3111292842431674
69	52	3.7950133268342885	4.2950133268342885
69	54	4.3352861839535475	4.8352861839535475
69	57	3.1096781201212762	3.6096781201212762
69	59	3.5841384045779687	4.0841384045779687
69	62	4.1508919908933217	4.6508919908933217
69	64	2.2979154955934233	2.7979154955934233
69	65	2.5483492696253394	2.5483492696253394
69	66	1.9885044631581801	1.9885044631581801
69	67	3.2170446174080989	3.7170446174080989
69	68	0.9809740057718150	0.9809740057718150
70	65	3.8359163181696236	3.8359163181696236
70	66	2.4405954191549242	2.4405954191549242
70	68	1.4920717140941984	1.4920717140941984
70	69	2.1508523891703959	2.1508523891703959
71	66	3.0785179319640545	3.4219130815914940
71	68	2.4778268704653281	2.4778268704653281
71	70	1.5400694789521676	1.5400694789521676
72	67	4.5798938594300553	5.0000000000000000
72	68	2.1266005736856184	2.1266005736856184
72	69	2.9040530142393877	3.4040530142393877
72	70	1.0785796215393657	1.0785796215393657
72	71	2.1690048409351235	2.1690048409351235
73	68	2.7667631422392880	3.0834796380765441
73	70	2.4365434533371242	2.4365434533371242
73	71	1.3096144470797499	1.3096144470797499
74	62	4.7760237067555886	5.0000000000000000
74	64	4.7429568753105915	5.0000000000000000
74	67	3.7624749970385976	4.2624749970385976
74	69	3.0792450616988285	3.5792450616988285
74	70	2.5547786596885453	2.5547786596885453
74	71	1.9863182021015664	1.9863182021015664
74	72	2.4678540674739828	2.9678540674739828
74	73	0.9788820153624235	0.9788820153624235
75	70	3.8426107010729047	3.8426107010729047
75	71	2.4369084923320368	2.4369084923320368
75	73	1.4973406426060840	1.4973406426060840
75	74	2.1591227385213654	2.1591227385213654
76	71	3.4067994674356670	3.6557079719364429
76	73	2.4913889700325806	2.4913889700325806
76	75	1.5352595871708465	1.5352595871708465
77	72	4.2998047762082656	4.7998047762082656
77	73	2.1286453438748318	2.1286453438748318
77	74	2.6817481378199668	3.1817481378199668
77	75	1.0781122390549140	1.0781122390549140
77	76	2.1602092491237972	2.1602092491237972
