  -1.1879000e+01  -1.4890000e+00  -2.7880000e+00
  -1.2928000e+01  -7.8500000e-01  -3.9260000e+00
  -1.1343000e+01  -1.2030000e+00  -4.3710000e+00
  -1.1941000e+01  -8.4300000e-01  -3.6010000e+00
  -1.1467000e+01   5.1700000e-01  -3.1950000e+00
  -1.1428000e+01   1.1710000e+00  -4.0520000e+00
  -1.0086000e+01   4.2500000e-01  -2.5320000e+00
  -9.4420000e+00   1.5460000e+00  -2.3170000e+00
  -9.8480000e+00   2.4000000e+00  -2.5780000e+00
  -8.0910000e+00   1.5320000e+00  -1.6740000e+00
  -8.0350000e+00   2.5640000e+00  -5.3500000e-01
  -7.8640000e+00   5.4600000e-01  -1.3000000e+00
  -8.4400000e+00   2.1330000e+00   6.3800000e-01
  -8.1100000e+00   8.2000000e-02   9.8300000e-01
  -8.4530000e+00   3.0270000e+00   1.8210000e+00
  -7.0770000e+00   3.0740000e+00   2.5030000e+00
  -8.7730000e+00   4.0170000e+00   1.5440000e+00
  -6.1580000e+00   3.8370000e+00   1.9560000e+00
  -6.3720000e+00   4.3450000e+00   1.1440000e+00
  -4.7870000e+00   3.9480000e+00   2.5560000e+00
  -4.1370000e+00   2.5630000e+00   2.7320000e+00
  -4.1630000e+00   4.5720000e+00   1.9360000e+00
  -4.5950000e+00   1.5730000e+00   2.0040000e+00
  -5.3270000e+00   1.7280000e+00   1.3730000e+00
  -3.9970000e+00   2.0900000e-01   2.1230000e+00
  -3.1630000e+00  -1.0100000e-01   8.7200000e-01
  -3.3710000e+00   1.5800000e-01   2.9970000e+00
  -3.5390000e+00   4.4800000e-01  -2.5500000e-01
  -4.3300000e+00   1.0310000e+00  -2.7200000e-01
  -2.7570000e+00   1.9700000e-01  -1.5080000e+00
  -1.3560000e+00   8.1200000e-01  -1.3880000e+00
  -2.6750000e+00  -8.6100000e-01  -1.6800000e+00
  -1.2360000e+00   1.9060000e+00  -6.7900000e-01
  -2.0240000e+00   2.2940000e+00  -2.5200000e-01
   1.0400000e-01   2.5450000e+00  -5.0100000e-01
   9.7600000e-01   1.6670000e+00   4.0200000e-01
   5.8000000e-01   2.6800000e+00  -1.4560000e+00
   3.7500000e-01   1.0510000e+00   1.3890000e+00
  -5.8800000e-01   1.1660000e+00   1.5160000e+00
   1.1460000e+00   1.5900000e-01   2.3050000e+00
   1.5680000e+00  -1.1090000e+00   1.5550000e+00
   2.0120000e+00   6.7400000e-01   2.6900000e+00
   8.2000000e-01  -1.5040000e+00   5.4800000e-01
   2.1000000e-02  -9.9000000e-01   3.0000000e-01
   1.1960000e+00  -2.7210000e+00  -2.3500000e-01
   2.5810000e+00  -2.5140000e+00  -8.5800000e-01
   1.1910000e+00  -3.5950000e+00   3.9800000e-01
   2.8420000e+00  -1.3270000e+00  -1.3550000e+00
   2.1600000e+00  -6.2300000e-01  -1.3150000e+00
   4.1780000e+00  -1.0310000e+00  -1.9560000e+00
   5.2290000e+00  -9.2700000e-01  -8.4600000e-01
   4.4520000e+00  -1.7930000e+00  -2.6690000e+00
   4.8540000e+00  -3.8400000e-01   2.8900000e-01
   3.9320000e+00  -7.2000000e-02   3.9700000e-01
   5.8170000e+00  -2.5900000e-01   1.4260000e+00
   6.1150000e+00  -1.6470000e+00   2.0020000e+00
   6.7270000e+00   2.2000000e-01   1.1000000e+00
   5.1380000e+00  -2.5220000e+00   1.9840000e+00
   4.2660000e+00  -2.2670000e+00   1.6130000e+00
   5.3390000e+00  -3.9050000e+00   2.5120000e+00
   6.3680000e+00  -4.6470000e+00   1.6540000e+00
   5.6540000e+00  -3.8760000e+00   3.5430000e+00
   6.2000000e+00  -4.6110000e+00   3.5500000e-01
   5.4380000e+00  -4.1210000e+00  -2.3000000e-02
   7.1700000e+00  -5.3010000e+00  -5.5400000e-01
   8.4930000e+00  -4.5250000e+00  -5.9700000e-01
   7.3370000e+00  -6.3160000e+00  -2.2900000e-01
   8.4290000e+00  -3.2250000e+00  -4.3900000e-01
   7.5580000e+00  -2.7950000e+00  -3.0200000e-01
   9.6640000e+00  -2.3880000e+00  -4.6100000e-01
   1.0101000e+01  -2.0740000e+00   9.8200000e-01
   1.0454000e+01  -2.8910000e+00  -9.9600000e-01
   1.0296000e+01  -3.0900000e+00   1.7850000e+00
   1.0161000e+01  -4.0020000e+00   1.4560000e+00
   1.0720000e+01  -2.8630000e+00   3.2030000e+00
   1.2029000e+01  -3.6090000e+00   3.4980000e+00
   1.0839000e+01  -1.8090000e+00   3.3960000e+00
