2	1	1.6960294808758494	1.6960294808758494
3	1	1.6982067011998276	1.6982067011998276
3	2	1.6986459313229465	1.6986459313229465
4	1	1.0396672544617340	1.0396672544617340
4	2	1.0389340691304731	1.0389340691304731
4	3	1.0405219843905276	1.0405219843905276
5	1	2.0832419446622130	2.0832419446622130
5	2	2.0832851461093851	2.0832851461093851
5	3	2.0833753862422397	2.0833753862422397
5	4	1.4914318623390062	1.4914318623390062
6	1	2.1012243773554431	2.6012243773554431
6	2	2.6260122424418473	3.1260122424418473
6	3	2.2915162978848134	2.7915162978848134
6	4	2.1237490435548159	2.1237490435548159
6	5	1.0784363680811213	1.0784363680811213
7	4	2.4789499793259235	2.4789499793259235
7	5	1.5309559105343304	1.5309559105343304
7	6	2.1597914251149346	2.1597914251149346
8	4	2.9589439272742708	3.3083931920261724
8	5	2.4271318464393317	2.4271318464393317
8	7	1.3046635581635588	1.3046635581635588
9	1	3.7868567438798832	4.2868567438798832
9	2	2.4224767408780083	2.9224767408780083
9	3	3.2624144328368172	3.7624144328368172
9	5	2.5530659999302805	2.5530659999302805
9	6	3.3310114558371406	3.8310114558371406
9	7	1.9852601844594573	1.9852601844594573
9	8	0.9800249996811302	0.9800249996811302
10	5	3.8236806875051692	3.8236806875051692
10	7	2.4229061063111792	2.4229061063111792
10	8	1.4910751154787616	1.4910751154787616
10	9	2.1552781723016636	2.1552781723016636
11	7	3.2802810064090644	3.5742244264350771
11	8	2.4789596608254847	2.4789596608254847
11	10	1.5313020603395018	1.5313020603395018
12	2	4.7015029356639912	5.0000000000000000
12	3	4.3910985284986142	4.8910985284986142
12	6	4.3230288569484969	4.8230288569484969
12	8	2.1245470105413067	2.1245470105413067
12	9	2.7557186753578278	3.2557186753578278
12	10	1.0785531975753442	1.0785531975753442
12	11	2.1594010743722443	2.1594010743722443
13	8	3.3334759295842873	3.5978201486246175
13	10	2.4279417208821146	2.4279417208821146
13	11	1.3051180023277589	1.3051180023277589
14	9	4.0833256668444582	4.5833256668444582
14	10	2.5540606883940717	2.5540606883940717
14	11	1.9861973718641357	1.9861973718641357
14	12	1.9456656166270729	2.4456656166270729
14	13	0.9807430856243651	0.9807430856243651
15	10	3.8248828740237268	3.8248828740237268
15	11	2.4238867547804288	2.4238867547804288
15	13	1.4913168677380402	1.4913168677380402
15	14	2.1558188699424639	2.1558188699424639
16	11	3.0621363245194657	3.4053681494064469
16	13	2.4795269710168508	2.4795269710168508
16	15	1.5306861206661542	1.5306861206661542
17	9	4.7223068544268978	5.0000000000000000
17	12	4.2104220295085986	4.7104220295085986
17	13	2.1239540955491480	2.1239540955491480
17	14	2.6276507737602119	3.1276507737602119
17	15	1.0789638548162772	1.0789638548162772
17	16	2.1596339967688971	2.1596339967688971
18	13	2.8529785230511804	3.1922009371910223
18	15	2.4270618039102341	2.4270618039102341
18	16	1.3050766261028501	1.3050766261028501
19	12	4.2870410796177332	4.7870410796177332
19	14	2.5686071931224479	3.0686071931224479
19	15	2.5525951500384858	2.5525951500384858
19	16	1.9855593670298552	1.9855593670298552
19	17	3.3276724275970522	3.8276724275970522
19	18	0.9803065846968488	0.9803065846968488
20	15	3.8236906255605985	3.8236906255605985
20	16	2.4235424485657351	2.4235424485657351
20	18	1.4908772585293535	1.4908772585293535
20	19	2.1552535813680951	2.1552535813680951
21	16	3.1543335687658614	3.4833315951656090
21	18	2.4790475993816656	2.4790475993816656
21	20	1.5310826235053414	1.5310826235053414
22	17	4.3606772359041415	4.8606772359041415
22	18	2.1237200851336318	2.1237200851336318
22	19	2.7563145557727498	3.2563145557727498
22	20	1.0789643182237307	1.0789643182237307
22	21	2.1599893518256055	2.1599893518256055
23	18	2.8133841726938420	3.1426603467523990
23	20	2.4276099357186687	2.4276099357186687
23	21	1.3056347115483717	1.3056347115483717
24	14	4.5583175129166946	5.0000000000000000
24	17	4.1228942678833187	4.6228942678833187
24	19	3.3727729980865204	3.8727729980865204
24	20	2.5529345859226398	2.5529345859226398
24	21	1.9858532171336329	1.9858532171336329
24	22	2.3013395823362335	2.8013395823362335
24	23	0.9800005102039488	0.9800005102039488
25	20	3.8236874872300954	3.8236874872300954
25	21	2.4231941729873818	2.4231941729873818
25	23	1.4906099422719548	1.4906099422719548
25	24	2.1552125185234057	2.1552125185234057
26	21	3.3091999969297277	3.5931482293961610
26	23	2.4794317897453850	2.4794317897453850
26	25	1.5315626007447427	1.5315626007447427
27	22	4.2967753083383871	4.7967753083383871
27	23	2.1238006026932008	2.1238006026932008
27	24	2.8408046271729606	3.3408046271729606
27	25	1.0784521315292583	1.0784521315292583
27	26	2.1595580566402934	2.1595580566402934
28	23	3.3810533912769958	3.6225640637312360
28	25	2.4274768793955586	2.4274768793955586
28	26	1.3043465797095490	1.3043465797095490
29	24	4.0925515772853380	4.5925515772853380
29	25	2.5539228649275998	2.5539228649275998
29	26	1.9852511176171137	1.9852511176171137
29	27	2.0757784011129319	2.5757784011129319
29	28	0.9798336593524437	0.9798336593524437
30	25	3.8243943311327091	3.8243943311327091
30	26	2.4230138257962950	2.4230138257962950
30	28	1.4912907161247939	1.4912907161247939
30	29	2.1547078688304833	2.1547078688304833
31	26	2.9794482857386608	3.3265462796894076
31	28	2.4788313778875724	2.4788313778875724
31	30	1.5309150858228551	1.5309150858228551
32	24	4.5995521482713411	5.0000000000000000
32	27	4.2124462940862069	4.7124462940862069
32	28	2.1245095904702334	2.1245095904702334
32	29	2.7488836171945543	3.2488836171945543
32	30	1.0787311991409165	1.0787311991409165
32	31	2.1590331169298911	2.1590331169298911
33	28	3.5881948306840288	3.6813065249778960
33	30	2.4274993305869312	2.4274993305869312
33	31	1.3043611463087972	1.3043611463087972
34	29	4.3070158513097381	4.8070158513097381
34	30	2.5533963656275538	2.5533963656275538
34	31	1.9852360061211864	1.9852360061211864
34	32	2.3911890099960860	2.8911890099960860
34	33	0.9808129281366554	0.9808129281366554
35	30	3.8242918298686353	3.8242918298686353
35	31	2.4234085499560321	2.4234085499560321
35	33	1.4910228033132151	1.4910228033132151
35	34	2.1556003804044939	2.1556003804044939
36	31	3.1708233174708496	3.4957462158637784
36	33	2.4783893963620809	2.4783893963620809
36	35	1.5303022577255776	1.5303022577255776
37	32	4.2974287502794226	4.7974287502794226
37	33	2.1241200531043436	2.1241200531043436
37	34	2.7753229126042411	3.2753229126042411
37	35	1.0790009267836613	1.0790009267836613
37	36	2.1589622507121331	2.1589622507121331
38	33	2.6592965238627064	2.7454172141479747
38	35	2.4266717948663761	2.4266717948663761
38	36	1.3048528652687241	1.3048528652687241
39	29	4.4329666571318613	4.9329666571318613
39	32	3.7866589548254455	4.2866589548254455
39	34	2.2804214176751985	2.7804214176751985
39	35	2.5528638819960614	2.5528638819960614
39	36	1.9855827859850115	1.9855827859850115
39	37	3.1033877058790975	3.6033877058790975
39	38	0.9801765147155898	0.9801765147155898
40	35	3.8238024269044031	3.8238024269044031
40	36	2.4237636023341884	2.4237636023341884
40	38	1.4915766825745165	1.4915766825745165
40	39	2.1556180088318060	2.1556180088318060
41	36	3.1249845157907061	3.4595868567385133
41	38	2.4791236354808932	2.4791236354808932
41	40	1.5308464978566596	1.5308464978566596
42	34	4.5341005366975766	5.0000000000000000
42	37	4.4467691228494628	4.9467691228494628
42	38	2.1240925121095828	2.1240925121095828
42	39	2.6919757930088437	3.1919757930088437
42	40	1.0781716004421558	1.0781716004421558
42	41	2.1591074544820597	2.1591074544820597
43	38	3.4443866608154066	3.6510171932004121
43	40	2.4271435886654911	2.4271435886654911
43	41	1.3046229340311322	1.3046229340311322
44	39	4.3981522515518225	4.8981522515518225
44	40	2.5533479982172431	2.5533479982172431
44	41	1.9854281654091643	1.9854281654091643
44	42	2.0773139482867160	2.5773139482867160
44	43	0.9801969189912809	0.9801969189912809
45	40	3.8236141280207656	3.8236141280207656
45	41	2.4230456041932018	2.4230456041932018
45	43	1.4907699353018897	1.4907699353018897
45	44	2.1546937137328825	2.1546937137328825
46	41	2.9065668808209062	3.2478612936312437
46	43	2.4790187574925695	2.4790187574925695
46	45	1.5311672018430906	1.5311672018430906
47	42	4.2102840408924109	4.7102840408924109
47	43	2.1240075329433274	2.1240075329433274
47	44	2.7228763781662115	3.2228763781662115
47	45	1.0788378005984032	1.0788378005984032
47	46	2.1598143438731028	2.1598143438731028
48	43	3.4880418467062624	3.6661612914259591
48	45	2.4275168382526204	2.4275168382526204
48	46	1.3048291075845910	1.3048291075845910
49	44	4.5225110423526536	5.0000000000000000
49	45	2.5538555166649499	2.5538555166649499
49	46	1.9857600559987101	1.9857600559987101
49	47	2.0498108375311639	2.5498108375311639
49	48	0.9802061007767705	0.9802061007767705
50	45	3.8245759242038844	3.8245759242038844
50	46	2.4236550909731358	2.4236550909731358
50	48	1.4914700801558169	1.4914700801558169
50	49	2.1553549591656589	2.1553549591656589
51	46	2.9300067921491570	3.2746531993289136
51	48	2.4789229516062008	2.4789229516062008
51	50	1.5315012242894226	1.5315012242894226
52	47	4.2783675257305704	4.7783675257305704
52	48	2.1233753789662342	2.1233753789662342
52	49	2.6058472604172991	3.1058472604172991
52	50	1.0778293000285344	1.0778293000285344
52	51	2.1594378898222564	2.1594378898222564
53	48	3.5668667113499808	3.6811075167142762
53	50	2.4272340225038054	2.4272340225038054
53	51	1.3050137930305572	1.3050137930305572
54	49	4.2310709858641768	4.7310709858641768
54	50	2.5535528191130097	2.5535528191130097
54	51	1.9860050352403440	1.9860050352403440
54	52	2.5933928431576376	3.0933928431576376
54	53	0.9798596838323331	0.9798596838323331
55	50	3.8234086885918961	3.8234086885918961
55	51	2.4225692972544666	2.4225692972544666
55	53	1.4905760631380067	1.4905760631380067
55	54	2.1542548595744195	2.1542548595744195
56	51	3.4221501285619107	3.6504195652578777
56	53	2.4677206081726508	2.4677206081726508
56	55	1.5303823051773697	1.5303823051773697
57	52	4.6947984886088658	5.0000000000000000
57	53	2.1123472725856409	2.1123472725856409
57	54	2.4643546266419052	2.9643546266419052
57	55	1.0807765726550511	1.0807765726550511
57	56	2.1485162321937437	2.1485162321937437
58	53	2.6425389524172540	2.7711658225265268
58	55	2.4264686274501881	2.4264686274501881
58	56	1.3049176219210166	1.3049176219210166
59	52	3.2338036155383381	3.7338036155383381
59	54	2.0952929143484509	2.5952929143484509
59	55	2.5530902843417032	2.5530902843417032
59	56	1.9859385690398377	1.9859385690398377
59	57	3.1046922041171117	3.6046922041171117
59	58	0.9800336728908845	0.9800336728908845
60	55	3.8230262881649137	3.8230262881649137
60	56	2.4229424260596866	2.4229424260596866
60	58	1.4912142703179851	1.4912142703179851
60	59	2.1552025426859531	2.1552025426859531
61	56	3.5234400810770454	3.6936378552814144
61	58	2.4792519032966376	2.4792519032966376
61	60	1.5317956782808866	1.5317956782808866
62	54	4.2369397895025420	4.7369397895025420
62	57	4.3438799537050938	4.8438799537050938
62	58	2.1242393932888075	2.1242393932888075
62	59	2.7182467376736881	3.2182467376736881
62	60	1.0782138006907531	1.0782138006907531
62	61	2.1595594458129650	2.1595594458129650
63	58	3.2094370749471475	3.5192754188955595
63	60	2.4270817868378480	2.4270817868378480
63	61	1.3044117448106636	1.3044117448106636
64	59	3.7469062442631080	4.2469062442631085
64	60	2.5537137662627734	2.5537137662627734
64	61	1.9859078528471559	1.9859078528471559
64	62	2.0534486743589331	2.5534486743589331
64	63	0.9801663124184596	0.9801663124184596
65	60	3.8247050866700816	3.8247050866700816
65	61	2.4233549059103985	2.4233549059103985
65	63	1.4920083779925626	1.4920083779925626
65	64	2.1555869270340269	2.1555869270340269
66	61	2.7384297388884677	3.0031343502767411
66	63	2.4791260556897861	2.4791260556897861
66	65	1.5304355589177874	1.5304355589177874
67	59	4.3058019137603312	4.8058019137603312
67	62	4.4222735622798277	4.9222735622798277
67	63	2.1241311164803354	2.1241311164803354
67	64	2.4422177728746171	2.9422177728746171
67	65	1.0785341904640764	1.0785341904640764
67	66	2.1588517781450398	2.1588517781450398
68	63	2.6767229673747570	2.8968754693948671
68	65	2.4268055134270647	2.4268055134270647
68	66	1.3047858061766306	1.3047858061766306
69	62	3.5648802879064281	4.0648802879064281
69	64	2.7743274903515824	3.2743274903515824
69	65	2.5529876615448028	2.5529876615448028
69	66	1.9853445544791464	1.9853445544791464
69	67	3.2060784121173089	3.7060784121173089
69	68	0.9799066282049531	0.9799066282049531
70	65	3.8234603437200700	3.8234603437200700
70	66	2.4231879828028196	2.4231879828028196
70	68	1.4912095761495092	1.4912095761495092
70	69	2.1551818948756969	2.1551818948756969
71	66	2.8532505840462230	3.1833020858234673
71	68	2.4789800321906594	2.4789800321906594
71	70	1.5307703942786457	1.5307703942786457
72	67	4.5678945642156341	5.0000000000000000
72	68	2.1245338312203925	2.1245338312203925
72	69	2.5758253308548920	3.0758253308548920
72	70	1.0785425350907583	1.0785425350907583
72	71	2.1595578251114280	2.1595578251114280
73	68	2.7144006897405442	2.9873452095980806
73	70	2.4270350224090298	2.4270350224090298
73	71	1.3050398461349755	1.3050398461349755
74	59	4.2302565973523194	4.7302565973523194
74	62	4.1146798148234414	4.6146798148234414
74	64	4.2482097309811051	4.7482097309811051
74	67	4.3885944570895470	4.8885944570895470
74	69	2.4365879355252837	2.9365879355252837
74	70	2.5531731237814639	2.5531731237814639
74	71	1.9856432207221917	1.9856432207221917
74	72	3.3729627797343884	3.8729627797343884
74	73	0.9798499885186500	0.9798499885186500
75	70	3.8238589147613693	3.8238589147613693
75	71	2.4234725086123836	2.4234725086123836
75	73	1.4913047978196812	1.4913047978196812
75	74	2.1551148461276948	2.1551148461276948
76	71	2.7880298744278709	3.0912708567170131
76	73	2.4794648616183297	2.4794648616183297
76	75	1.5316017759195764	1.5316017759195764
77	72	4.5885209267049802	5.0000000000000000
77	73	2.1241716032373654	2.1241716032373654
77	74	2.5033205111382544	3.0033205111382544
77	75	1.0786867015032675	1.0786867015032675
77	76	2.1599456011668439	2.1599456011668439
78	73	2.7080075663768453	2.9744066404967593
78	75	2.4277024117465462	2.4277024117465462
78	76	1.3052551474711755	1.3052551474711755
79	52	4.5766805258040231	5.0000000000000000
79	59	3.9590349616973368	4.4590349616973368
79	67	3.5796995657338870	4.0796995657338870
79	69	3.9355290219206980	4.4355290219206980
79	72	4.2401322216955970	4.7401322216955970
79	74	2.5477175487200818	3.0477175487200818
79	75	2.5530681542019202	2.5530681542019202
79	76	1.9857343729713706	1.9857343729713706
79	77	3.3640634453846023	3.8640634453846023
79	78	0.9801091775919657	0.9801091775919657
80	75	3.8248223488156934	3.8248223488156934
80	76	2.4237537003581862	2.4237537003581862
80	78	1.4915900911443467	1.4915900911443467
80	79	2.1560470774080973	2.1560470774080973
81	76	2.9507424925563295	3.2972150541439911
81	78	2.4785971838925343	2.4785971838925343
81	80	1.5309568903140287	1.5309568903140287
82	77	4.4993232182704679	4.9993232182704679
82	78	2.1241772524909499	2.1241772524909499
82	79	2.6063638516932377	3.1063638516932377
82	80	1.0784219953246503	1.0784219953246503
82	81	2.1599687497739408	2.1599687497739408
83	78	2.6623996296056758	2.8356853791791949
83	80	2.4276709002663437	2.4276709002663437
83	81	1.3048697252982764	1.3048697252982764
84	67	3.9435325879385630	4.4435325879385630
84	69	4.2316806511913603	4.7316806511913603
84	72	2.9849729233569611	3.4849729233569611
84	74	3.5452509319687189	4.0452509319687184
84	77	3.9416345812184970	4.4416345812184970
84	79	2.2678958603533164	2.7678958603533164
84	80	2.5536176299516726	2.5536176299516726
84	81	1.9848712804612791	1.9848712804612791
84	82	3.2910071273427031	3.7910071273427031
84	83	0.9793513159229427	0.9793513159229427
85	80	3.8242431931037020	3.8242431931037020
85	81	2.4231634282482886	2.4231634282482886
85	83	1.4913463715716750	1.4913463715716750
85	84	2.1551433827010209	2.1551433827010209
86	81	2.9460380731830793	3.2921783062709054
86	83	2.4790016135533275	2.4790016135533275
86	85	1.5314166643993399	1.5314166643993399
87	72	4.6460341973870793	5.0000000000000000
87	82	4.5458706773849116	5.0000000000000000
87	83	2.1243591974993308	2.1243591974993308
87	84	2.5613173140447612	3.0613173140447612
87	85	1.0781994249673852	1.0781994249673852
87	86	2.1595802832958073	2.1595802832958073
88	83	2.6679252934540223	2.8627107658015287
88	85	2.4280663088144849	2.4280663088144849
88	86	1.3049034447038601	1.3049034447038601
89	72	4.0582139979074743	4.5582139979074743
89	77	3.7566441167090385	4.2566441167090385
89	79	4.0545038852373345	4.5545038852373345
89	82	3.6849885940102820	4.1849885940102816
89	84	2.4955247422153222	2.9955247422153222
89	85	2.5541842141865962	2.5541842141865962
89	86	1.9858967747594536	1.9858967747594536
89	87	3.1521366707938445	3.6521366707938445
89	88	0.9806380575931157	0.9806380575931157
90	85	3.8245017976201816	3.8245017976201816
90	86	2.4231543491903280	2.4231543491903280
90	88	1.4909896042561808	1.4909896042561808
90	89	2.1556764599540443	2.1556764599540443
91	86	2.8890654184154831	3.2273616593997501
91	88	2.4791764761710700	2.4791764761710700
91	90	1.5306985333500520	1.5306985333500520
92	87	4.6483136553598436	5.0000000000000000
92	88	2.1233202773015667	2.1233202773015667
92	89	2.6936391707517195	3.1936391707517195
92	90	1.0781702091970444	1.0781702091970444
92	91	2.1590759597568581	2.1590759597568581
93	88	2.7365226356716357	3.0635638247713453
93	90	2.3976813800002708	2.3976813800002708
93	91	1.3054662002518493	1.3054662002518493
94	77	4.3253896089716530	4.8253896089716530
94	79	3.9225941827413111	4.4225941827413111
94	82	2.2839955760147705	2.7839955760147705
94	84	3.1360663168237517	3.6360663168237517
94	87	3.7236760083521632	4.2236760083521627
94	89	1.6897068591363573	2.1897068591363573
94	90	2.7749711710214227	2.7749711710214227
94	91	2.8020137401518941	2.8020137401518941
94	92	3.5471348991664762	4.0471348991664762
94	93	2.1075049228886753	2.1075049228886753
95	90	3.8025676851306676	3.8025676851306676
95	91	2.4280879308624721	2.4280879308624721
95	93	1.4835986654078657	1.4835986654078657
95	94	3.2067887364152945	3.2067887364152945
96	91	3.0125512896705340	3.3549842363401363
96	93	2.4759686993175016	2.4759686993175016
96	95	1.5306893871716756	1.5306893871716756
97	92	4.5285723941251481	5.0000000000000000
97	93	2.1207602410456490	2.1207602410456490
97	94	3.8522445315701397	4.3522445315701397
97	95	1.0780412793580776	1.0780412793580776
97	96	2.1635547138910081	2.1635547138910081
98	93	2.7674366866782187	3.0752176179034763
98	95	2.4271345244959126	2.4271345244959126
98	96	1.3050846715826527	1.3050846715826527
99	82	3.2836773508829955	3.7836773508829955
99	84	4.6827957368287478	5.0000000000000000
99	87	3.9211857289430077	4.4211857289430077
99	89	4.1778835786337893	4.6778835786337893
99	94	2.4525840500552789	2.9525840500552789
99	95	2.5532150320723082	2.5532150320723082
99	96	1.9854674512567561	1.9854674512567561
99	97	3.3433522210213966	3.8433522210213966
99	98	0.9796678008386309	0.9796678008386309
100	95	3.8242641122181928	3.8242641122181928
100	96	2.4238494177650560	2.4238494177650560
100	98	1.4916695344478952	1.4916695344478952
100	99	2.1553605266868932	2.1553605266868932
101	96	2.8080316506105789	3.1216668064037503
101	98	2.4785780197524550	2.4785780197524550
101	100	1.5304237975149242	1.5304237975149242
102	97	4.6831042128650440	5.0000000000000000
102	98	2.1243730839944286	2.1243730839944286
102	99	2.4164017821776764	2.9164017821776764
102	100	1.0784706764673759	1.0784706764673759
102	101	2.1593040545509106	2.1593040545509106
103	98	2.6597195823920581	2.7894620562010521
103	100	2.4269095574413155	2.4269095574413155
103	101	1.3043576963394663	1.3043576963394663
104	87	3.5165130892353522	4.0165130892353522
104	89	4.3715659363125647	4.8715659363125647
104	92	3.9835179595506949	4.4835179595506949
104	94	3.8458685797980374	4.3458685797980374
104	97	3.6123059712126606	4.1123059712126606
104	99	2.7167402654724531	3.2167402654724531
104	100	2.5529811985206630	2.5529811985206630
104	101	1.9850768247098141	1.9850768247098141
104	102	3.2265557296415110	3.7265557296415110
104	103	0.9804228679503554	0.9804228679503554
105	100	3.8243834797258498	3.8243834797258498
105	101	2.4239496694444784	2.4239496694444784
105	103	1.4918059525286786	1.4918059525286786
105	104	2.1559605747786761	2.1559605747786761
106	101	3.0382301664086167	3.3833296860062512
106	103	2.4788291590991101	2.4788291590991101
106	105	1.5304760697247122	1.5304760697247122
107	102	4.3963357047474370	4.8963357047474370
107	103	2.1243316596049686	2.1243316596049686
107	104	2.7194409041124277	3.2194409041124277
107	105	1.0787854281552007	1.0787854281552007
107	106	2.1595344405681520	2.1595344405681520
108	103	2.6922071266243162	2.9388023560563026
108	105	2.4273015881838824	2.4273015881838824
108	106	1.3049789270329233	1.3049789270329233
109	92	4.2771698924656887	4.7771698924656887
109	97	2.9315863891042842	3.4315863891042842
109	99	4.2187559474667191	4.7187559474667191
109	102	4.3908386623063160	4.8908386623063160
109	104	1.9913901449757887	2.4913901449757887
109	105	2.5535549729739517	2.5535549729739517
109	106	1.9856963514092483	1.9856963514092483
109	107	3.2816702755246947	3.7816702755246947
109	108	0.9803172955732239	0.9803172955732239
110	105	3.8237200472837962	3.8237200472837962
110	106	2.4233022923275578	2.4233022923275578
110	108	1.4910016767260861	1.4910016767260861
110	109	2.1553746774052995	2.1553746774052995
111	106	2.9683628458091511	3.3153662376409856
111	108	2.4787837743538663	2.4787837743538663
111	110	1.5310940532834680	1.5310940532834680
112	107	4.6066430626363353	5.0000000000000000
112	108	2.1242471607607256	2.1242471607607256
112	109	2.7555237193471624	3.2555237193471624
112	110	1.0786695508820119	1.0786695508820119
112	111	2.1599567125292123	2.1599567125292123
113	108	2.6643144728132997	2.8446811615858714
113	110	2.4272492661447029	2.4272492661447029
113	111	1.3041510648694039	1.3041510648694039
114	97	3.4619499018802267	3.9619499018802267
114	99	4.4470279147261946	4.9470279147261946
114	102	3.5239677620475480	4.0239677620475476
114	104	3.3497238145924109	3.8497238145924109
114	107	3.8800754224231229	4.3800754224231229
114	109	2.1541269196735700	2.6541269196735700
114	110	2.5530851924681235	2.5530851924681235
114	111	1.9847833634933554	1.9847833634933554
114	112	3.2627477233641717	3.7627477233641717
114	113	0.9802423169808572	0.9802423169808572
115	110	3.8246512259289731	3.8246512259289731
115	111	2.4236035154290394	2.4236035154290394
115	113	1.4916588081729676	1.4916588081729676
115	114	2.1556718210339900	2.1556718210339900
116	111	3.0466144646425675	3.3911123577848930
116	113	2.4784103776412811	2.4784103776412811
116	115	1.5305286668337841	1.5305286668337841
117	112	4.4799355971347143	4.9799355971347143
117	113	2.1239929378413667	2.1239929378413667
117	114	2.7575870905474700	3.2575870905474700
117	115	1.0783756302884453	1.0783756302884453
117	116	2.1596749755460891	2.1596749755460891
118	113	2.7408672757883301	3.0357162957635886
118	115	2.4269000803494154	2.4269000803494154
118	116	1.3043948788614590	1.3043948788614590
119	102	3.2037904537911435	3.7037904537911435
119	104	4.5476896462893803	5.0000000000000000
119	107	3.8146679806205830	4.3146679806205830
119	109	4.3522182856530032	4.8522182856530032
119	114	2.4092657076335668	2.9092657076335668
119	115	2.5529281227641327	2.5529281227641327
119	116	1.9848894175746918	1.9848894175746918
119	117	3.3934806822041672	3.8934806822041672
119	118	0.9800153060029214	0.9800153060029214
120	115	3.8238385164648365	3.8238385164648365
120	116	2.4233648095158928	2.4233648095158928
120	118	1.4913098269642027	1.4913098269642027
120	119	2.1552083425970676	2.1552083425970676
121	116	3.0748357387403105	3.4165930271850877
121	118	2.4792149967277952	2.4792149967277952
121	120	1.5308971226049122	1.5308971226049122
122	117	4.4186982559825418	4.9186982559825418
122	118	2.1239851694397491	2.1239851694397491
122	119	2.7393527677849892	3.2393527677849892
122	120	1.0784850485750836	1.0784850485750836
122	121	2.1593948226297113	2.1593948226297113
123	118	2.6855865858324002	2.9202387631249547
123	120	2.4276552473528854	2.4276552473528854
123	121	1.3049275841976828	1.3049275841976828
124	102	4.6384607850561572	5.0000000000000000
124	104	4.6551435063838653	5.0000000000000000
124	107	2.6105590707221271	3.1105590707221271
124	109	4.2744536146047993	4.7744536146047993
124	112	4.1868504181266344	4.6868504181266344
124	114	3.3701148029388177	3.8701148029388177
124	117	4.5627052520295699	5.0000000000000000
124	119	2.0315904183351319	2.5315904183351319
124	120	2.5534204510812546	2.5534204510812546
124	121	1.9855513088308745	1.9855513088308745
124	122	3.3129154323670171	3.8129154323670171
124	123	0.9805335282385806	0.9805335282385806
125	120	3.8234777363023835	3.8234777363023835
125	121	2.4228524511410097	2.4228524511410097
125	123	1.4901254980705481	1.4901254980705481
125	124	2.1547217917865868	2.1547217917865868
126	121	3.2173943341656437	3.5292637224692704
126	123	2.4664069007363727	2.4664069007363727
126	125	1.5291281829853249	1.5291281829853249
127	107	3.4141729565869241	3.9141729565869241
127	112	3.7789343969996372	4.2789343969996372
127	119	4.4219268421518141	4.9219268421518141
127	123	2.1121446446680676	2.1121446446680676
127	124	2.1559866730509123	2.6559866730509123
127	125	1.0808371755264523	1.0808371755264523
127	126	2.1477467262226249	2.1477467262226249
128	123	2.6436945095771240	2.8135929820618251
128	125	2.4256063159548380	2.4256063159548380
128	126	1.3048681925773189	1.3048681925773189
129	107	2.9884414551983767	3.4884414551983767
129	119	3.8272940508630047	4.3272940508630047
129	122	4.2249612833078443	4.7249612833078443
129	124	2.1911178417203505	2.6911178417203505
129	125	2.5523318749723751	2.5523318749723751
129	126	1.9855198311777187	1.9855198311777187
129	127	3.1446326777743385	3.6446326777743385
129	128	0.9798010002036120	0.9798010002036120
130	125	3.8227526731401289	3.8227526731401289
130	126	2.4238871673409217	2.4238871673409217
130	128	1.4916152318879023	1.4916152318879023
130	129	2.1550438510619685	2.1550438510619685
131	126	3.3321531788456333	3.6068320293247238
131	128	2.4796017825449312	2.4796017825449312
131	130	1.5313174066796211	1.5313174066796211
132	107	3.5316729419967876	4.0316729419967876
132	124	4.4911400204594427	4.9911400204594427
132	127	4.3440559901637430	4.8440559901637430
132	128	2.1242511621745677	2.1242511621745677
132	129	2.7837883941015420	3.2837883941015420
132	130	1.0788118464310632	1.0788118464310632
132	131	2.1598847191459090	2.1598847191459090
133	128	3.3834418919349005	3.6241333953968913
133	130	2.4275275487623200	2.4275275487623200
133	131	1.3045309501886111	1.3045309501886111
134	107	3.3231325244433778	3.8231325244433778
134	129	4.0712222994366059	4.5712222994366059
134	130	2.5539330453244071	2.5539330453244071
134	131	1.9853586577744586	1.9853586577744586
134	132	2.0294801886627556	2.5294801886627556
134	133	0.9799306097882641	0.9799306097882641
135	130	3.8241586002675150	3.8241586002675150
135	131	2.4229209644559191	2.4229209644559191
135	133	1.4911428502997295	1.4911428502997295
135	134	2.1548965172369647	2.1548965172369647
136	131	2.9630968444297197	3.3099126116798114
136	133	2.4791815181627994	2.4791815181627994
136	135	1.5314196028522036	1.5314196028522036
137	87	2.9772390615730071	3.4772390615730071
137	102	4.6216730841474511	5.0000000000000000
137	104	3.6282617994993012	4.1282617994993007
137	107	3.1632933518165181	3.6632933518165181
137	129	4.6300831555060702	5.0000000000000000
137	132	4.2681802717414463	4.7681802717414463
137	133	2.1240887457919460	2.1240887457919460
137	134	2.7237057861116480	3.2237057861116480
137	135	1.0781994249673852	1.0781994249673852
137	136	2.1597907306033148	2.1597907306033148
138	133	2.8564928820175202	3.1967129299368238
138	135	2.4280168862674740	2.4280168862674740
138	136	1.3054815203594416	1.3054815203594416
139	107	4.6261384814147135	5.0000000000000000
139	129	4.3834221950797447	4.8834221950797447
139	132	4.2516510359979298	4.7516510359979298
139	134	3.4046090059804879	3.9046090059804879
139	135	2.5531208353699202	2.5531208353699202
139	136	1.9851070500101498	1.9851070500101498
139	137	2.2296450774057495	2.7296450774057495
139	138	0.9792885172409609	0.9792885172409609
140	135	3.8240154288391675	3.8240154288391675
140	136	2.4230530328492605	2.4230530328492605
140	138	1.4905327906490351	1.4905327906490351
140	139	2.1545472842339755	2.1545472842339755
141	136	3.4346956289050437	3.6607312939123164
141	138	2.4788249232247126	2.4788249232247126
141	140	1.5313226309305297	1.5313226309305297
142	137	4.2566321540519017	4.7566321540519017
142	138	2.1240289546049040	2.1240289546049040
142	139	2.6933406646726246	3.1933406646726246
142	140	1.0786523999880591	1.0786523999880591
142	141	2.1593642582945560	2.1593642582945560
143	138	3.1437727758468599	3.4708216694286835
143	140	2.4273948998875317	2.4273948998875317
143	141	1.3048260420454525	1.3048260420454525
144	139	3.6093147863339392	4.1093147863339397
144	140	2.5537989349202883	2.5537989349202883
144	141	1.9856026792890868	1.9856026792890868
144	142	1.9578800233676659	2.4578800233676659
144	143	0.9797086301549047	0.9797086301549047
145	140	3.8229361752454096	3.8229361752454096
145	141	2.4217093136873387	2.4217093136873387
145	143	1.4904210814397387	1.4904210814397387
145	144	2.1545816299226170	2.1545816299226170
146	141	3.5614651870350706	3.6935653110589000
146	143	2.4670366839591176	2.4670366839591176
146	145	1.5302460586454716	1.5302460586454716
147	142	4.1274261204638005	4.6274261204638005
147	143	2.1120068655191440	2.1120068655191440
147	144	2.7697294623460817	3.2697294623460817
147	145	1.0799749997106416	1.0799749997106416
147	146	2.1479839384874366	2.1479839384874366
148	143	3.6096664897986579	3.6724639101256309
148	145	2.4268617595569797	2.4268617595569797
148	146	1.3051724024051383	1.3051724024051383
149	144	4.2544576515673782	4.7544576515673782
149	145	2.5527228600065457	2.5527228600065457
149	146	1.9851773220546323	1.9851773220546323
149	147	2.5011960362759589	3.0011960362759589
149	148	0.9794355517337524	0.9794355517337524
150	145	3.8234438664638453	3.8234438664638453
150	146	2.4234681759825110	2.4234681759825110
150	148	1.4911582746308318	1.4911582746308318
150	149	2.1548951250582937	2.1548951250582937
151	146	3.5014416675562825	3.6869785192669271
151	148	2.4791121394563822	2.4791121394563822
151	150	1.5309702805737284	1.5309702805737284
152	144	4.3842484068573189	4.8842484068573189
152	147	4.4160615657457978	4.9160615657457978
152	148	2.1239147817179487	2.1239147817179487
152	149	2.6951168423836571	3.1951168423836571
152	150	1.0787126586816342	1.0787126586816342
152	151	2.1599122667367765	2.1599122667367765
153	148	3.6335201859365460	3.6818477021236964
153	150	2.4275040679677553	2.4275040679677553
153	151	1.3051720193139296	1.3051720193139296
154	149	4.1171296393766585	4.6171296393766585
154	150	2.5533920576362732	2.5533920576362732
154	151	1.9852518731888911	1.9852518731888911
154	152	2.3601100515195887	2.8601100515195887
154	153	0.9793605056362032	0.9793605056362032
155	150	3.8239028491843254	3.8239028491843254
155	151	2.4229706973052729	2.4229706973052729
155	153	1.4913098269642029	1.4913098269642029
155	154	2.1553630784626518	2.1553630784626518
156	151	3.0458519129038391	3.3909982976496718
156	153	2.4789971762791501	2.4789971762791501
156	155	1.5309062675422027	1.5309062675422027
157	49	4.2620143941614987	4.7620143941614987
157	52	4.5221226890576816	5.0000000000000000
157	149	4.5345967213466984	5.0000000000000000
157	152	4.2025084943751869	4.7025084943751869
157	153	2.1240407246566626	2.1240407246566626
157	154	2.7040981996138940	3.2040981996138940
157	155	1.0778200220816090	1.0778200220816090
157	156	2.1591743792477711	2.1591743792477711
158	153	3.2084410495066931	3.5184263347181610
158	155	2.4269466413582310	2.4269466413582310
158	156	1.3042216069364898	1.3042216069364898
159	154	4.1382179094178921	4.6382179094178921
159	155	2.5526437275891047	2.5526437275891047
159	156	1.9849468506738408	1.9849468506738408
159	157	1.9895061235394675	2.4895061235394675
159	158	0.9804692753982654	0.9804692753982654
160	155	3.8237110246460837	3.8237110246460837
160	156	2.4230026826233608	2.4230026826233608
160	158	1.4909942991172038	1.4909942991172038
160	159	2.1553950913927595	2.1553950913927595
161	156	3.3172214118609893	3.5973034520864968
161	158	2.4788727276728020	2.4788727276728020
161	160	1.5310630294014678	1.5310630294014678
162	157	4.2004309718190118	4.7004309718190118
162	158	2.1242761119967426	2.1242761119967426
162	159	2.7631621666038022	3.2631621666038022
162	160	1.0793020893151268	1.0793020893151268
162	161	2.1600062499909582	2.1600062499909582
163	158	3.3390178846072480	3.6011229846453481
163	160	2.4282143645073830	2.4282143645073830
163	161	1.3057178102484470	1.3057178102484470
164	159	4.0763482556332926	4.5763482556332926
164	160	2.5537961939042821	2.5537961939042821
164	161	1.9858471743817558	1.9858471743817558
164	162	1.9477275447513356	2.4477275447513356
164	163	0.9799744894638845	0.9799744894638845
165	160	3.8238746056846575	3.8238746056846575
165	161	2.4229966983056332	2.4229966983056332
165	163	1.4904596606416425	1.4904596606416425
165	164	2.1552303821169558	2.1552303821169558
166	161	2.8279828322075002	3.1501836472947287
166	163	2.4791726442504967	2.4791726442504967
166	165	1.5315466039268939	1.5315466039268939
167	162	4.2694479644817847	4.7694479644817847
167	163	2.1235710489644566	2.1235710489644566
167	164	2.0636694314379280	2.5636694314379280
167	165	1.0790931377781994	1.0790931377781994
167	166	2.1599261561451595	2.1599261561451595
168	163	2.7421316195686281	3.0367096900764925
168	165	2.4275635933997699	2.4275635933997699
168	166	1.3046202512608793	1.3046202512608793
169	159	4.6396098316129954	5.0000000000000000
169	162	3.9913441698226393	4.4913441698226393
169	164	2.4980185430957866	2.9980185430957866
169	165	2.5536411259219651	2.5536411259219651
169	166	1.9856424652993299	1.9856424652993299
169	167	2.5523491113899115	3.0523491113899115
169	168	0.9803784983362297	0.9803784983362297
170	165	3.8244850633778142	3.8244850633778142
170	166	2.4231964427177588	2.4231964427177588
170	168	1.4913433541609389	1.4913433541609389
170	169	2.1555938856844072	2.1555938856844072
171	166	2.8512002659561460	3.1804819631339947
171	168	2.4789905203529918	2.4789905203529918
171	170	1.5304904442694178	1.5304904442694178
172	47	4.4946760884578358	4.9946760884578358
172	49	3.6651836465485514	4.1651836465485514
172	167	4.6563375732489911	5.0000000000000000
172	168	2.1243210680120836	2.1243210680120836
172	169	2.1027402242951969	2.6027402242951969
172	170	1.0786088262201456	1.0786088262201456
172	171	2.1592095776000995	2.1592095776000995
173	168	2.6601945306938815	2.7895359239478674
173	170	2.4272851089231358	2.4272851089231358
173	171	1.3053122231864678	1.3053122231864678
174	47	4.1783105114732146	4.6783105114732146
174	49	3.6593683084807265	4.1593683084807260
174	157	3.8863265506759994	4.3863265506759994
174	159	2.9210730068830162	3.4210730068830162
174	162	4.1418696891678701	4.6418696891678701
174	164	3.7120836057591706	4.2120836057591706
174	167	3.8762548158074841	4.3762548158074841
174	169	2.3891708071517601	2.8891708071517601
174	170	2.5530881300887365	2.5530881300887365
174	171	1.9856600917579021	1.9856600917579021
174	172	2.8891726473001649	3.3891726473001649
174	173	0.9800724463018033	0.9800724463018033
175	170	3.8235454750793796	3.8235454750793796
175	171	2.4232492649333452	2.4232492649333452
175	173	1.4909463437696204	1.4909463437696204
175	174	2.1555127000321757	2.1555127000321757
176	171	3.3917499334501104	3.6398439940553167
176	173	2.4789885034021442	2.4789885034021442
176	175	1.5310979720448985	1.5310979720448985
177	44	4.2733943361957571	4.7733943361957571
177	47	1.7292996173608948	2.2292996173608950
177	49	2.3382009662444760	2.8382009662444760
177	52	4.5248516922531454	5.0000000000000000
177	157	4.4983263351571212	4.9983263351571212
177	159	4.5064674967921521	5.0000000000000000
177	172	4.2647107391382768	4.7647107391382768
177	173	2.1243118885888674	2.1243118885888674
177	174	2.7600960258160163	3.2600960258160163
177	175	1.0785351176480074	1.0785351176480074
177	176	2.1595992683829102	2.1595992683829102
178	173	3.4744779626493338	3.6619987133771419
178	175	2.4274453649876451	2.4274453649876451
178	176	1.3051735516780896	1.3051735516780896
179	29	4.5456494400808642	5.0000000000000000
179	39	4.2511703068585280	4.7511703068585280
179	47	3.1682457064422183	3.6682457064422183
179	49	3.2270604937129308	3.7270604937129308
179	52	3.7091699754058727	4.2091699754058727
179	157	4.0026260681526349	4.5026260681526349
179	159	4.3924755498072416	4.8924755498072416
179	174	4.2357457231152891	4.7357457231152891
179	175	2.5529853113560996	2.5529853113560996
179	176	1.9853349843288406	1.9853349843288406
179	177	2.0382136238959521	2.5382136238959521
179	178	0.9796882157094675	0.9796882157094675
180	175	3.8238902965435604	3.8238902965435604
180	176	2.4230930646592999	2.4230930646592999
180	178	1.4910982529665844	1.4910982529665844
180	179	2.1553679500261667	2.1553679500261667
181	176	2.9840647182565321	3.3315213833526292
181	178	2.4792517016228910	2.4792517016228910
181	180	1.5312096525296595	1.5312096525296595
182	49	4.4229178368779989	4.9229178368779989
182	52	4.0061872372512255	4.5061872372512255
182	149	3.9231691481066955	4.4231691481066955
182	152	4.6753010470591718	5.0000000000000000
182	154	4.2089450691942583	4.7089450691942583
182	157	1.8806817257352026	2.3806817257352026
182	159	2.8940937072988335	3.3940937072988335
182	174	4.7373130381655999	5.0000000000000000
182	177	4.2260678611069418	4.7260678611069418
182	178	2.1233923330369260	2.1233923330369260
182	179	2.7123021182301335	3.2123021182301335
182	180	1.0778223415758275	1.0778223415758275
182	181	2.1593651844928874	2.1593651844928874
183	178	3.3765436365974071	3.6203736853581412
183	180	2.4271433826620132	2.4271433826620132
183	181	1.3044286105417957	1.3044286105417957
184	149	2.2693921876275147	2.7693921876275147
184	152	4.1219021153051800	4.6219021153051800
184	154	4.4298579258212065	4.9298579258212065
184	157	3.1659550667540906	3.6659550667540906
184	159	3.1223890401542724	3.6223890401542724
184	179	4.2560437450033417	4.7560437450033417
184	180	2.5529187217770959	2.5529187217770959
184	181	1.9854473047653520	1.9854473047653520
184	182	1.8970232391611597	2.3970232391611597
184	183	0.9807043387280390	0.9807043387280390
185	180	3.8245705641287362	3.8245705641287362
185	181	2.4236359049989336	2.4236359049989336
185	183	1.4917134443317188	1.4917134443317188
185	184	2.1562685361522109	2.1562685361522109
186	181	3.3333608419914929	3.6071308911449811
186	183	2.4791099209191994	2.4791099209191994
186	185	1.5308223280315714	1.5308223280315714
187	24	4.8033218348401467	5.0000000000000000
187	27	1.9237780803574753	2.4237780803574753
187	29	2.7336631918126439	3.2336631918126439
187	149	4.1572132356024243	4.6572132356024243
187	182	4.1423973236562555	4.6423973236562555
187	183	2.1241141683064022	2.1241141683064022
187	184	2.8941233898567043	3.3941233898567043
187	185	1.0782068447195092	1.0782068447195092
187	186	2.1596840046636450	2.1596840046636450
188	183	3.1897856297289069	3.5056084149540307
188	185	2.4270065924920767	2.4270065924920767
188	186	1.3051735516780898	1.3051735516780898
189	22	4.7061012802145799	5.0000000000000000
189	27	2.9654645533901927	3.4654645533901927
189	29	3.4899920444169843	3.9899920444169843
189	147	4.5089501292521481	5.0000000000000000
189	149	4.2913571055675730	4.7913571055675730
189	184	3.9379275920448622	4.4379275920448622
189	185	2.5530125342426349	2.5530125342426349
189	186	1.9860261831103836	1.9860261831103836
189	187	1.9826831995892151	2.4826831995892151
189	188	0.9802866927588073	0.9802866927588073
190	185	3.8234184965812985	3.8234184965812985
190	186	2.4231508413633684	2.4231508413633684
190	188	1.4908366778423450	1.4908366778423450
190	189	2.1551538228163669	2.1551538228163669
191	186	2.9930746772920136	3.3405788112735895
191	188	2.4785320252116976	2.4785320252116976
191	190	1.5312305508968920	1.5312305508968920
192	139	4.6105699055560985	5.0000000000000000
192	144	3.8275782562596241	4.3275782562596241
192	147	1.7904010419159122	2.2904010419159122
192	149	3.1677946941230943	3.6677946941230943
192	184	4.5617275527412406	5.0000000000000000
192	187	4.1476554806207311	4.6476554806207311
192	188	2.1243620218785688	2.1243620218785688
192	189	2.6295899869163453	3.1295899869163453
192	190	1.0783329726944273	1.0783329726944273
192	191	2.1598511522787858	2.1598511522787858
193	188	3.5609665855095471	3.6804595951489261
193	190	2.4272327865287249	2.4272327865287249
193	191	1.3051543969967689	1.3051543969967689
194	139	4.4820879649984944	4.9820879649984944
194	147	2.8229373965654081	3.3229373965654081
194	189	4.3609218593351704	4.8609218593351704
194	190	2.5533611182126199	2.5533611182126199
194	191	1.9860538764091975	1.9860538764091975
194	192	2.1574031691372264	2.6574031691372264
194	193	0.9800724463018029	0.9800724463018029
195	190	3.8248694095354416	3.8248694095354416
195	191	2.4241148900165603	2.4241148900165603
195	193	1.4921571633041877	1.4921571633041877
195	194	2.1561212860133820	2.1561212860133820
196	191	3.4777237362434117	3.6784114910755266
196	193	2.4788196787987626	2.4788196787987626
196	195	1.5307782334485949	1.5307782334485949
197	19	4.6584865165959872	5.0000000000000000
197	192	4.3362965827657733	4.8362965827657733
197	193	2.1243173020996653	2.1243173020996653
197	194	2.5821395963827132	3.0821395963827132
197	195	1.0782713016676277	1.0782713016676277
197	196	2.1594969321580435	2.1594969321580435
198	193	3.6099496786001297	3.6821446404583216
198	195	2.4273644143391415	2.4273644143391415
198	196	1.3056553909818629	1.3056553909818629
199	194	4.2461773187145591	4.7461773187145591
199	195	2.5528441002145041	2.5528441002145041
199	196	1.9854422681105592	1.9854422681105592
199	197	2.1487280617257727	2.6487280617257727
199	198	0.9792512445741389	0.9792512445741389
200	195	3.8236711417170803	3.8236711417170803
200	196	2.4233375745033956	2.4233375745033956
200	198	1.4910228033132156	1.4910228033132156
200	199	2.1549979118319351	2.1549979118319351
201	196	3.3795647717310362	3.6334229198025567
201	198	2.4783916155442420	2.4783916155442420
201	200	1.5311022173584621	1.5311022173584621
202	194	4.5175931366760009	5.0000000000000000
202	197	4.1877766971824189	4.6877766971824189
202	198	2.1240117702122085	2.1240117702122085
202	199	2.8292708841318324	3.3292708841318324
202	200	1.0783927855841762	1.0783927855841762
202	201	2.1595696330519187	2.1595696330519187
