   0.0000000e+00
  -2.0055694e+00
  -1.5691550e+00
  -1.7532524e+00
  -2.0623852e+00
  -1.4027884e+00
  -1.7870614e+00
  -1.6959575e+00
  -1.2411111e+00
  -1.2954797e+00
   2.3322742e+00
  -2.5562954e+00
  -7.5405224e-01
  -1.1135221e+00
  -9.3097359e-01
  -1.3419579e+00
  -1.3315959e+00
  -1.1999533e+00
  -1.4457588e+00
  -9.9243953e-01
  -1.5228471e+00
  -1.3786911e+00
  -1.5412642e+00
  -1.5962113e+00
   1.9046281e+00
  -2.1099737e+00
  -1.3676197e+00
  -2.3355732e+00
  -2.6976509e+00
  -2.4976158e+00
  -1.5401780e+00
  -2.0809829e+00
   1.0475849e+00
   1.1079705e+00
  -2.2388489e+00
  -1.4118528e+00
  -2.1140962e+00
  -1.4318184e+00
  -2.4389963e+00
  -2.2134215e+00
