  -1.4182299e+00
   2.1680701e+00
  -1.1822591e+00
   1.0857015e+00
   2.2717958e+00
   2.8321047e+00
   1.9370916e-01
   2.4184857e+00
   2.5285018e+00
  -2.7590192e+00
  -3.1756468e-01
   1.9168856e+00
  -5.8660076e-01
  -7.7850756e-01
  -7.5145015e-01
  -4.4435525e-01
  -5.0770388e-01
  -9.9571639e-01
  -9.5578709e-01
  -3.2439510e-01
  -6.7703879e-01
  -4.6550762e-01
  -8.7691921e-01
  -6.3580255e-01
  -4.3010924e-01
   2.2762282e+00
   1.1914343e+00
   1.7869045e+00
  -2.9539821e+00
   3.0191261e+00
   1.9140281e+00
   2.1790720e+00
   8.7714436e-01
   3.2314260e-01
   2.4932344e+00
   2.2621970e+00
   1.8770944e+00
   2.7405983e+00
   2.9130574e+00
   0.0000000e+00
