  -9.9580000e+00   1.2814000e+01  -3.0380000e+00
  -8.3380000e+00   1.2314000e+01  -3.0840000e+00
  -9.1070000e+00   1.2563000e+01  -1.5900000e+00
  -9.2360000e+00   1.2232000e+01  -2.5680000e+00
  -9.6760000e+00   1.0807000e+01  -2.5560000e+00
  -1.0718000e+01   1.0737000e+01  -2.2870000e+00
  -8.8150000e+00   9.9960000e+00  -1.5840000e+00
  -7.6660000e+00   9.5570000e+00  -2.0190000e+00
  -7.3830000e+00   9.7510000e+00  -2.9370000e+00
  -6.7830000e+00   8.7610000e+00  -1.1190000e+00
  -5.4360000e+00   9.4670000e+00  -9.4000000e-01
  -7.2580000e+00   8.6070000e+00  -1.6300000e-01
  -5.0290000e+00   9.6890000e+00   2.8000000e-01
  -5.5800000e+00   9.4050000e+00   1.0400000e+00
  -3.7250000e+00   1.0372000e+01   5.1900000e-01
  -2.5750000e+00   9.3660000e+00   4.2700000e-01
  -3.5840000e+00   1.1173000e+01  -1.9000000e-01
  -2.5050000e+00   8.4450000e+00   1.3490000e+00
  -3.1740000e+00   8.4170000e+00   2.0650000e+00
  -1.4080000e+00   7.4360000e+00   1.3140000e+00
  -1.8410000e+00   6.2110000e+00   5.0400000e-01
  -5.1200000e-01   7.8680000e+00   8.9600000e-01
  -2.0450000e+00   6.3760000e+00  -7.7500000e-01
  -1.9190000e+00   7.2590000e+00  -1.1810000e+00
  -2.4680000e+00   5.2210000e+00  -1.6170000e+00
  -1.4800000e+00   5.0150000e+00  -2.7690000e+00
  -2.5430000e+00   4.3260000e+00  -1.0200000e+00
  -9.4400000e-01   3.8330000e+00  -2.8990000e+00
  -1.1770000e+00   3.1170000e+00  -2.2720000e+00
   2.6000000e-02   3.5710000e+00  -4.0010000e+00
  -7.1800000e-01   3.1530000e+00  -5.2720000e+00
   6.3000000e-01   4.4450000e+00  -4.1880000e+00
  -2.0000000e-02   3.0300000e+00  -6.3670000e+00
   9.4500000e-01   3.2050000e+00  -6.3550000e+00
  -6.8800000e-01   2.6250000e+00  -7.6370000e+00
  -5.0300000e-01   1.1250000e+00  -7.8770000e+00
  -1.7370000e+00   2.8760000e+00  -7.6080000e+00
   2.4000000e-02   4.2100000e-01  -6.9130000e+00
   2.8400000e-01   8.5600000e-01  -6.0740000e+00
   2.3000000e-01  -1.0460000e+00  -7.0870000e+00
  -9.3500000e-01  -1.8210000e+00  -6.4660000e+00
   3.3200000e-01  -1.2910000e+00  -8.1320000e+00
  -1.3540000e+00  -2.8850000e+00  -7.0940000e+00
  -9.2500000e-01  -3.1610000e+00  -7.9310000e+00
  -2.4850000e+00  -3.6820000e+00  -6.5390000e+00
  -2.0080000e+00  -4.5220000e+00  -5.3510000e+00
  -3.2940000e+00  -3.0330000e+00  -6.2420000e+00
  -2.8750000e+00  -4.7850000e+00  -4.4120000e+00
  -3.7930000e+00  -4.4490000e+00  -4.4840000e+00
  -2.4700000e+00  -5.5980000e+00  -3.2290000e+00
  -2.4120000e+00  -7.0820000e+00  -3.6030000e+00
  -1.5160000e+00  -5.2660000e+00  -2.8530000e+00
  -2.3890000e+00  -7.9480000e+00  -2.6270000e+00
  -2.4080000e+00  -7.6400000e+00  -1.6970000e+00
  -2.3330000e+00  -9.4070000e+00  -2.9270000e+00
  -1.2470000e+00  -1.0064000e+01  -2.0720000e+00
  -3.2900000e+00  -9.8570000e+00  -2.7040000e+00
  -3.1000000e-01  -9.2930000e+00  -1.5920000e+00
  -3.1900000e-01  -8.3320000e+00  -1.7840000e+00
   7.7600000e-01  -9.8750000e+00  -7.5200000e-01
   1.3910000e+00  -8.7930000e+00   1.4100000e-01
   3.9600000e-01  -1.0687000e+01  -1.5300000e-01
   1.1870000e+00  -8.8860000e+00   1.4260000e+00
   6.5800000e-01  -9.6280000e+00   1.7870000e+00
   1.7610000e+00  -7.8630000e+00   2.3480000e+00
   3.2100000e+00  -7.5570000e+00   1.9620000e+00
   1.1670000e+00  -6.9630000e+00   2.3280000e+00
   3.9310000e+00  -8.5410000e+00   1.4990000e+00
   3.5400000e+00  -9.4350000e+00   1.4090000e+00
   5.3500000e+00  -8.3050000e+00   1.1060000e+00
   5.4130000e+00  -7.4380000e+00  -1.5400000e-01
   5.8930000e+00  -7.8390000e+00   1.9130000e+00
   4.6150000e+00  -7.7480000e+00  -1.1390000e+00
   4.0060000e+00  -8.5110000e+00  -1.0550000e+00
   4.6300000e+00  -6.9410000e+00  -2.3930000e+00
   4.4160000e+00  -5.4590000e+00  -2.0710000e+00
   5.5600000e+00  -7.0820000e+00  -2.9210000e+00
   3.4750000e+00  -5.1580000e+00  -1.2180000e+00
   2.9370000e+00  -5.8690000e+00  -8.1100000e-01
   3.2180000e+00  -3.7320000e+00  -8.6400000e-01
   4.2110000e+00  -3.2660000e+00   2.0400000e-01
   3.2850000e+00  -3.1080000e+00  -1.7410000e+00
   4.7970000e+00  -4.1830000e+00   9.2400000e-01
   4.5950000e+00  -5.1290000e+00   7.7100000e-01
   5.7740000e+00  -3.7900000e+00   1.9800000e+00
   7.0220000e+00  -3.1730000e+00   1.3420000e+00
   5.3230000e+00  -3.0980000e+00   2.6730000e+00
   7.3580000e+00  -3.5870000e+00   1.5100000e-01
   6.8170000e+00  -4.2680000e+00  -3.0200000e-01
   8.5630000e+00  -3.0230000e+00  -5.2200000e-01
   8.3480000e+00  -1.5410000e+00  -8.3900000e-01
   9.4360000e+00  -3.1540000e+00   9.7000000e-02
   7.3090000e+00  -1.2770000e+00  -1.5840000e+00
   5.9190000e+00  -2.8430000e+00  -1.3450000e+00
   6.9810000e+00   1.1800000e-01  -1.9680000e+00
   6.4200000e+00   8.8500000e-01  -7.6800000e-01
   7.8470000e+00   6.1700000e-01  -2.3720000e+00
   5.3660000e+00   3.9200000e-01  -1.7700000e-01
   4.9640000e+00  -4.3900000e-01  -5.0500000e-01
   4.7730000e+00   1.0940000e+00   9.9800000e-01
   5.8710000e+00   1.4820000e+00   1.9910000e+00
   4.2260000e+00   1.9670000e+00   6.7900000e-01
   6.9740000e+00   7.8600000e-01   1.9730000e+00
   7.0760000e+00   4.6000000e-02   1.3380000e+00
   8.0810000e+00   1.1160000e+00   2.9170000e+00
   9.0370000e+00   2.1260000e+00   2.2780000e+00
   7.6840000e+00   1.5040000e+00   3.8420000e+00
   9.2770000e+00   2.0050000e+00   1.0010000e+00
   8.8500000e+00   1.2870000e+00   4.8800000e-01
   1.0200000e+01   2.9590000e+00   3.2200000e-01
   9.4560000e+00   4.2470000e+00  -4.1000000e-02
   1.1048000e+01   3.1770000e+00   9.5200000e-01
   8.1550000e+00   4.1920000e+00  -1.1300000e-01
   7.6900000e+00   3.3470000e+00   6.2000000e-02
   7.3740000e+00   5.4140000e+00  -4.6200000e-01
   7.0640000e+00   6.2210000e+00   8.0100000e-01
   7.9160000e+00   6.0170000e+00  -1.1730000e+00
   6.4020000e+00   5.6220000e+00   1.7520000e+00
   6.1230000e+00   4.6890000e+00   1.6420000e+00
   6.0700000e+00   6.3560000e+00   3.0070000e+00
   7.1830000e+00   6.1670000e+00   4.0410000e+00
   5.9190000e+00   7.4040000e+00   2.8020000e+00
   7.8070000e+00   5.0210000e+00   4.0530000e+00
   7.5560000e+00   4.3200000e+00   3.4150000e+00
   8.9000000e+00   4.7770000e+00   5.0360000e+00
   8.4720000e+00   3.6840000e+00   6.0160000e+00
   9.7920000e+00   4.4640000e+00   4.5120000e+00
   7.1940000e+00   3.4500000e+00   6.1370000e+00
   6.5490000e+00   3.9660000e+00   5.6100000e+00
   6.7140000e+00   2.3960000e+00   7.0770000e+00
   5.8670000e+00   1.3640000e+00   6.3270000e+00
   7.5490000e+00   1.9170000e+00   7.5640000e+00
   6.2370000e+00   1.1500000e-01   6.3970000e+00
   7.0310000e+00  -1.3300000e-01   6.9150000e+00
   5.4520000e+00  -9.3600000e-01   5.6880000e+00
   4.1610000e+00  -1.2390000e+00   6.4540000e+00
   5.2290000e+00  -6.2500000e-01   4.6800000e+00
   3.2810000e+00  -2.8000000e-01   6.5550000e+00
   3.4600000e+00   5.9300000e-01   6.1490000e+00
   2.0050000e+00  -5.1400000e-01   7.2890000e+00
   8.2000000e-01   4.0000000e-03   6.4690000e+00
   1.8820000e+00  -1.5630000e+00   7.5080000e+00
   1.5100000e-01  -8.6500000e-01   5.7620000e+00
   4.1300000e-01  -1.8090000e+00   5.7690000e+00
  -1.0120000e+00  -4.2000000e-01   4.9430000e+00
  -1.9700000e+00  -1.5950000e+00   4.7350000e+00
  -1.5270000e+00   3.8000000e-01   5.4540000e+00
  -2.9350000e+00  -1.4400000e+00   3.8700000e+00
  -3.0250000e+00  -5.9500000e-01   3.3830000e+00
  -3.9010000e+00  -2.5490000e+00   3.6240000e+00
  -4.3140000e+00  -2.5740000e+00   2.1500000e+00
  -3.4700000e+00  -3.4950000e+00   3.9120000e+00
  -5.1650000e+00  -3.4910000e+00   1.7780000e+00
  -5.5140000e+00  -4.1300000e+00   2.4330000e+00
  -5.6050000e+00  -3.5650000e+00   3.5500000e-01
  -6.9780000e+00  -2.9080000e+00   1.9100000e-01
  -4.8810000e+00  -3.0930000e+00  -2.8900000e-01
  -7.0270000e+00  -1.7600000e+00  -4.2600000e-01
  -6.2030000e+00  -1.3500000e+00  -7.6400000e-01
  -8.3350000e+00  -1.0700000e+00  -6.1600000e-01
  -8.6070000e+00  -8.5300000e-01  -2.1070000e+00
  -9.1320000e+00  -1.6420000e+00  -1.6600000e-01
  -9.7000000e+00  -1.3680000e+00  -2.6020000e+00
  -1.0310000e+01  -1.8710000e+00  -2.0230000e+00
  -1.0019000e+01  -1.1900000e+00  -4.0470000e+00
  -8.9660000e+00  -1.8890000e+00  -4.9120000e+00
  -1.1003000e+01  -1.5750000e+00  -4.2660000e+00
  -8.6580000e+00  -3.1200000e+00  -4.6090000e+00
  -9.0960000e+00  -3.5630000e+00  -3.8520000e+00
  -7.6380000e+00  -3.8530000e+00  -5.4130000e+00
  -6.3010000e+00  -3.1090000e+00  -5.3770000e+00
  -7.5200000e+00  -4.8600000e+00  -5.0450000e+00
  -6.1410000e+00  -2.2010000e+00  -4.4530000e+00
  -6.8630000e+00  -2.0180000e+00  -3.8160000e+00
  -4.8600000e+00  -1.4430000e+00  -4.3670000e+00
  -4.3950000e+00  -1.3530000e+00  -2.9110000e+00
  -4.1030000e+00  -1.9100000e+00  -4.9770000e+00
  -3.1090000e+00  -1.3240000e+00  -2.6900000e+00
  -2.4820000e+00  -1.3580000e+00  -3.4420000e+00
  -2.5950000e+00  -1.2370000e+00  -1.2930000e+00
  -2.6020000e+00   2.1800000e-01  -8.1600000e-01
  -3.1860000e+00  -1.8530000e+00  -6.3500000e-01
  -3.1550000e+00   4.7100000e-01   3.3800000e-01
  -3.5470000e+00  -2.5800000e-01   8.6400000e-01
  -3.1930000e+00   1.8690000e+00   8.5700000e-01
  -2.5140000e+00   1.9430000e+00   2.2270000e+00
  -2.7170000e+00   2.5420000e+00   1.6200000e-01
  -1.3970000e+00   2.6130000e+00   2.3100000e+00
  -1.0240000e+00   3.0450000e+00   1.5130000e+00
  -6.8800000e-01   2.7210000e+00   3.6170000e+00
  -1.2630000e+00   3.8800000e+00   4.4360000e+00
  -7.6400000e-01   1.7960000e+00   4.1660000e+00
  -1.0290000e+00   3.8840000e+00   5.7200000e+00
  -5.0300000e-01   3.1630000e+00   6.1250000e+00
  -1.5640000e+00   4.9860000e+00   6.5720000e+00
  -5.0400000e-01   5.4350000e+00   7.5810000e+00
  -1.8790000e+00   5.8160000e+00   5.9600000e+00
  -6.4800000e-01   6.6150000e+00   8.1210000e+00
  -1.4120000e+00   7.1760000e+00   7.8750000e+00
   3.5200000e-01   7.1080000e+00   9.1110000e+00
  -3.5300000e-01   7.5650000e+00   1.0391000e+01
   1.0750000e+00   6.3390000e+00   9.3320000e+00
