2	1	1.6515404929943456	1.6515404929943456
3	1	1.6525586222582234	1.6525586222582234
3	2	1.6523365274664796	1.6523365274664796
4	1	1.0265563793577059	1.0265563793577059
4	2	1.0255739856295130	1.0255739856295130
4	3	1.0266050847331654	1.0266050847331654
5	1	2.0884254834683476	2.0884254834683476
5	2	2.0874580235300537	2.0874580235300537
5	3	2.0881764772164217	2.0881764772164217
5	4	1.4788350144623965	1.4788350144623965
6	1	2.7821562211355948	3.2821562211355948
6	2	2.1304013158349329	2.6304013158349329
6	3	2.0534368802674825	2.5534368802674825
6	4	2.0992391478819172	2.0992391478819172
6	5	1.1097396090975555	1.1097396090975555
7	4	2.4358507753965553	2.4358507753965553
7	5	1.5472763166286789	1.5472763166286789
7	6	2.2118449312734381	2.2118449312734381
8	4	3.2483036575718023	3.5541778286622390
8	5	2.4623795402009026	2.4623795402009026
8	7	1.3494298796158333	1.3494298796158333
9	1	3.9586479167027697	4.4586479167027697
9	2	3.9791560860590076	4.4791560860590076
9	3	3.2319580201396572	3.7319580201396572
9	5	2.5026491963517379	2.5026491963517379
9	6	1.9926282944976719	2.4926282944976719
9	7	2.0059484041220985	2.0059484041220985
9	8	1.0253701770580186	1.0253701770580186
10	5	3.8915408259454272	3.8915408259454272
10	7	2.5118061230915090	2.5118061230915090
10	8	1.4969766197239027	1.4969766197239027
10	9	2.2139600267394157	2.2139600267394157
11	7	3.4390991786280809	3.6398813516470048
11	8	2.3409440403392807	2.3409440403392807
11	10	1.5613865632827757	1.5613865632827757
12	3	4.6916166270027517	5.0000000000000000
12	6	4.1982744679661579	4.6982744679661579
12	8	2.1432792631852720	2.1432792631852720
12	9	2.7938331175047009	3.2938331175047009
12	10	1.1113293841161567	1.1113293841161567
12	11	2.2101106307151217	2.2101106307151217
13	8	3.0019649774908861	3.3755199614350135
13	10	2.4825241187146565	2.4825241187146565
13	11	1.3510684660667613	1.3510684660667613
14	9	3.5992587292626030	4.0992587292626030
14	10	2.5237594972580069	2.5237594972580069
14	11	2.0081708094681563	2.0081708094681563
14	12	1.9000017358588970	2.4000017358588970
14	13	1.0261666531319353	1.0261666531319353
15	10	3.9018930021208913	3.9018930021208913
15	11	2.5052634591994494	2.5052634591994494
15	13	1.4878067750887560	1.4878067750887560
15	14	2.2058479095350152	2.2058479095350152
16	11	3.1127409156783545	3.4581899586712059
16	13	2.4497940729783818	2.4497940729783818
16	15	1.5499812902096570	1.5499812902096570
17	9	4.1224762835990552	4.6224762835990552
17	12	4.3528065744256006	4.8528065744256006
17	13	2.1387954553907238	2.1387954553907238
17	14	2.7562734864114078	3.2562734864114078
17	15	1.1120436142526067	1.1120436142526067
17	16	2.2110967866649349	2.2110967866649349
18	13	3.2137404617189005	3.5369750742267176
18	15	2.4652977507798095	2.4652977507798095
18	16	1.3509148751864417	1.3509148751864417
19	14	4.0858080074473397	4.5858080074473397
19	15	2.5014593740454769	2.5014593740454769
19	16	2.0057340302243452	2.0057340302243452
19	17	1.9645357306032176	2.4645357306032176
19	18	1.0261257232912528	1.0261257232912528
20	15	3.8873623448297154	3.8873623448297154
20	16	2.5088961716260805	2.5088961716260805
20	18	1.4868365747451870	1.4868365747451870
20	19	2.2029328178589540	2.2029328178589540
21	16	3.4378424349421541	3.6642951294745929
21	18	2.3894195947970291	2.3894195947970291
21	20	1.5542692816883412	1.5542692816883412
22	17	4.3147656557047176	4.8147656557047176
22	18	2.1376234467276980	2.1376234467276980
22	19	2.7694763025491942	3.2694763025491942
22	20	1.1124212331666461	1.1124212331666461
22	21	2.2153816826903663	2.2153816826903663
23	18	3.1531997661985267	3.4871639605768130
23	20	2.4703513920088365	2.4703513920088365
23	21	1.3506594685560087	1.3506594685560087
24	19	3.8267413929566452	4.3267413929566452
24	20	2.5096135160617852	2.5096135160617852
24	21	2.0073069022947130	2.0073069022947130
24	22	1.8564947159245446	2.3564947159245446
24	23	1.0256607626306076	1.0256607626306076
25	20	3.8943197095256559	3.8943197095256559
25	21	2.5085619386413405	2.5085619386413405
25	23	1.4909574105251961	1.4909574105251961
25	24	2.2076661885348514	2.2076661885348514
26	21	3.5416467444204436	3.7212672763323265
26	23	2.4298168655271111	2.4298168655271111
26	25	1.5494786219886998	1.5494786219886998
27	19	4.6960536373930930	5.0000000000000000
27	22	4.4304129018874745	4.9304129018874745
27	23	2.1430221650743602	2.1430221650743602
27	24	2.7450708773522514	3.2450708773522514
27	25	1.1123785326946942	1.1123785326946942
27	26	2.2038062528271389	2.2038062528271389
28	23	3.2249710393409621	3.5429952078831581
28	25	2.4690544748951977	2.4690544748951977
28	26	1.3530861022122720	1.3530861022122720
29	24	3.8875920333148475	4.3875920333148475
29	25	2.5055087307770463	2.5055087307770463
29	26	2.0069992526157039	2.0069992526157039
29	27	1.8320150449511647	2.3320150449511647
29	28	1.0267920919056572	1.0267920919056572
30	25	3.9058444669494978	3.9058444669494978
30	26	2.5260912493415595	2.5260912493415595
30	28	1.5018458642617094	1.5018458642617094
30	29	2.2166810776473889	2.2166810776473889
31	26	3.6009652916612898	3.8076021141504488
31	28	2.5515575635285987	2.5515575635285987
31	30	1.5624458390613083	1.5624458390613083
32	24	4.7121287998916586	5.0000000000000000
32	27	4.3452933566623146	4.8452933566623146
32	28	2.1103473647719722	2.1103473647719722
32	29	2.6933642765149912	3.1933642765149912
32	30	1.0935606979038726	1.0935606979038726
32	31	2.0960682240805055	2.0960682240805055
33	28	2.8988922870027287	3.2028433099754428
33	30	2.5053520710670591	2.5053520710670591
33	31	1.3520517741565969	1.3520517741565969
34	27	3.8203479081402882	4.3203479081402882
34	29	1.9761616688823747	2.4761616688823747
34	30	2.4728261160057321	2.4728261160057321
34	31	1.9496327859368796	1.9496327859368796
34	32	3.2814125336579241	3.7814125336579241
34	33	1.0221624137092908	1.0221624137092908
35	30	3.9261264625582291	3.9261264625582291
35	31	2.5207225154705153	2.5207225154705153
35	33	1.4863397996420582	1.4863397996420582
35	34	2.2365486804449395	2.2365486804449395
36	31	3.5777277617752619	3.7626040261672307
36	33	2.4784805829378573	2.4784805829378573
36	35	1.5464934529444339	1.5464934529444339
37	29	4.3900332929838655	4.8900332929838655
37	32	4.3249295279132598	4.8249295279132598
37	33	2.1338765193890636	2.1338765193890636
37	34	2.8365294833447079	3.3365294833447079
37	35	1.1109477935528753	1.1109477935528753
37	36	2.2055337222540943	2.2055337222540943
38	33	3.4296204384819444	3.6656944250861585
38	35	2.4612632935141283	2.4612632935141283
38	36	1.3481175764746953	1.3481175764746953
39	34	4.0381289749109976	4.5381289749109976
39	35	2.5057386136626509	2.5057386136626509
39	36	2.0080961132376145	2.0080961132376145
39	37	1.8299854868402585	2.3299854868402585
39	38	1.0268607500532902	1.0268607500532902
40	35	3.8716160708417395	3.8716160708417395
40	36	2.4909767160694254	2.4909767160694254
40	38	1.4803722504829662	1.4803722504829662
40	39	2.2021646169167304	2.2021646169167304
41	36	3.6334568944419972	3.7668368087284723
41	38	2.4823537217729466	2.4823537217729466
41	40	1.5324118245432590	1.5324118245432590
42	37	4.3838022833664887	4.8838022833664887
42	38	2.1516953780681862	2.1516953780681862
42	39	2.9104595054672084	3.4104595054672084
42	40	1.1095670326753579	1.1095670326753579
42	41	2.1937659401130305	2.1937659401130305
43	38	2.9999875952776711	3.3588207706654867
43	40	2.4454884992573556	2.4454884992573556
43	41	1.3481698706023673	1.3481698706023673
44	39	3.3205006224757203	3.8205006224757203
44	40	2.4900004016063901	2.4900004016063901
44	41	2.0066050931860002	2.0066050931860002
44	42	2.0799982357737283	2.5799982357737283
44	43	1.0259795319595779	1.0259795319595779
45	40	3.8664089281916354	3.8664089281916354
45	41	2.5015375272020215	2.5015375272020215
45	43	1.4902630640259460	1.4902630640259460
45	44	2.2098710369612053	2.2098710369612053
46	41	3.2379157951044726	3.5482114822749886
46	43	2.6012200983384686	2.6012200983384686
46	45	1.5531818953361503	1.5531818953361503
47	39	4.1582611851647737	4.6582611851647737
47	42	4.3813252311929975	4.8813252311929975
47	43	2.1119699334981079	2.1119699334981079
47	44	2.6527861806446538	3.1527861806446538
47	45	1.1121425268372764	1.1121425268372764
47	46	2.1367519743760615	2.1367519743760615
48	43	2.9600641253587647	3.0967249827424101
48	45	2.5489686149499757	2.5489686149499757
48	46	1.3651157460083765	1.3651157460083765
49	42	3.5007356098727374	4.0007356098727378
49	44	2.5572708245130609	3.0572708245130609
49	45	2.6306839414874585	2.6306839414874585
49	46	2.0175559471796580	2.0175559471796580
49	47	3.3411202969886822	3.8411202969886822
49	48	1.0256124999238267	1.0256124999238267
50	45	3.9674146493654998	3.9674146493654998
50	46	2.5372751131873721	2.5372751131873721
50	48	1.5046680697083967	1.5046680697083967
50	49	2.2191631305516952	2.2191631305516952
51	46	3.0185185353881758	3.2916976949600780
51	48	2.5889855156025874	2.5889855156025874
51	50	1.5737795271257018	1.5737795271257018
52	47	4.7249724825425945	5.0000000000000000
52	48	2.0922430547142481	2.0922430547142481
52	49	2.7491845836461790	3.2491845836461790
52	50	1.1056911865435159	1.1056911865435159
52	51	2.1511450439242843	2.1511450439242843
53	48	2.9335521368891975	3.2086031346274115
53	50	2.5339190989453479	2.5339190989453479
53	51	1.3656983561533647	1.3656983561533647
54	42	4.7242485414384969	5.0000000000000000
54	44	4.6070691261900034	5.0000000000000000
54	47	4.5074201414594812	5.0000000000000000
54	49	2.7797532978977948	3.2797532978977948
54	50	2.5991250450872867	2.5991250450872867
54	51	2.0239419458077323	2.0239419458077323
54	52	3.4171492333168509	3.9171492333168509
54	53	1.0249902438560070	1.0249902438560070
55	50	3.9556421728968352	3.9556421728968352
55	51	2.5339954617165357	2.5339954617165357
55	53	1.4930254518928998	1.4930254518928998
55	54	2.1959157543038845	2.1959157543038845
56	51	2.9657295739171485	3.2845322136951696
56	53	2.5026909517557314	2.5026909517557314
56	55	1.5686156316956694	1.5686156316956694
57	52	4.6599422770885059	5.0000000000000000
57	53	2.1075789427682183	2.1075789427682183
57	54	2.7220253315786662	3.2220253315786662
57	55	1.1054808908343938	1.1054808908343938
57	56	2.1490134946063066	2.1490134946063066
58	53	3.0069740702100778	3.3490867057632698
58	55	2.5404487792514145	2.5404487792514145
58	56	1.3574575499808474	1.3574575499808474
59	47	3.9564538546022536	4.4564538546022536
59	54	2.8491560260395872	3.3491560260395872
59	55	2.5810883363418617	2.5810883363418617
59	56	1.9937517398111542	1.9937517398111542
59	57	3.3765020745968419	3.8765020745968419
59	58	1.0246877573192705	1.0246877573192705
60	55	3.9948153899773642	3.9948153899773642
60	56	2.5718018975029939	2.5718018975029939
60	58	1.5184261588895251	1.5184261588895251
60	59	2.2200380627367609	2.2200380627367609
61	56	3.0717200114163137	3.3367762229837421
61	58	2.5894501346811070	2.5894501346811070
61	60	1.5679241053061230	1.5679241053061230
62	57	4.6297956491616805	5.0000000000000000
62	58	2.1302107876921506	2.1302107876921506
62	59	2.7049298034501761	3.2049298034501761
62	60	1.1198964237821343	1.1198964237821343
62	61	2.0655241465545768	2.0655241465545768
63	58	2.9182826528944616	3.0872821453702688
63	60	2.5608836365598471	2.5608836365598471
63	61	1.3602341710161472	1.3602341710161472
64	47	3.7060219465639452	4.2060219465639452
64	49	4.6804894808138044	5.0000000000000000
64	52	3.7772558509683840	4.2772558509683840
64	54	3.8627782616792450	4.3627782616792450
64	57	4.0567642282589729	4.5567642282589729
64	59	2.8407568309909785	3.3407568309909785
64	60	2.6531877053838415	2.6531877053838415
64	61	2.0215125525210023	2.0215125525210023
64	62	3.2790090075834915	3.7790090075834915
64	63	1.0262670217833172	1.0262670217833172
65	60	3.9540547542996927	3.9540547542996927
65	61	2.5018579096343561	2.5018579096343561
65	63	1.4942911362917215	1.4942911362917215
65	64	2.2160266243887961	2.2160266243887961
66	61	2.9512870168691725	3.3137949281885808
66	63	2.4640789354239487	2.4640789354239487
66	65	1.5734983317436395	1.5734983317436395
67	62	4.4205232635290921	4.9205232635290921
67	63	2.1122987478100734	2.1122987478100734
67	64	2.7360064266139892	3.2360064266139892
67	65	1.1092781436591985	1.1092781436591985
67	66	2.1516437902217951	2.1516437902217951
68	63	2.9223125347651968	3.2415005372472177
68	65	2.5882453515847410	2.5882453515847410
68	66	1.3625964186067718	1.3625964186067718
69	52	3.9008694942826523	4.4008694942826523
69	57	3.7670694655380004	4.2670694655380004
69	62	4.6748540499849893	5.0000000000000000
69	64	2.4567283514664626	2.9567283514664626
69	65	2.6750368221764713	2.6750368221764713
69	66	2.0157606504741588	2.0157606504741588
69	67	3.5162588061896995	4.0162588061896995
69	68	1.0326248108582361	1.0326248108582361
70	65	4.0097603419655918	4.0097603419655918
70	66	2.5494511173976231	2.5494511173976231
70	68	1.5061122136149065	1.5061122136149065
70	69	2.2192093186538346	2.2192093186538346
71	66	3.1632038611865294	3.3162773158746499
71	68	2.7001388853168229	2.7001388853168229
71	70	1.5635613195522569	1.5635613195522569
72	68	2.1497269594066983	2.1497269594066983
72	69	2.4686056906745280	2.9686056906745280
72	70	1.1125169661627610	1.1125169661627610
72	71	2.1212604743406698	2.1212604743406698
73	68	3.0698006874597583	3.2587990020422177
73	70	2.5136700260774125	2.5136700260774125
73	71	1.3440286455280648	1.3440286455280648
74	62	3.7976960395048138	4.2976960395048138
74	64	4.2112314070921508	4.7112314070921508
74	67	4.3689842820490616	4.8689842820490616
74	69	3.0970603839865429	3.5970603839865429
74	70	2.5591502495945799	2.5591502495945799
74	71	1.9907621656039138	1.9907621656039138
74	72	3.3076940878237289	3.8076940878237289
74	73	1.0271265744785290	1.0271265744785290
75	70	3.9434184408961706	3.9434184408961706
75	71	2.5246276953245972	2.5246276953245972
75	73	1.4991684361671931	1.4991684361671931
75	74	2.2122741692656440	2.2122741692656440
76	71	3.2275438879197997	3.5176909044303533
76	73	2.6099795018352148	2.6099795018352148
76	75	1.5329778211050551	1.5329778211050551
77	72	4.3748483805641944	4.8748483805641944
77	73	2.0573684648112986	2.0573684648112986
77	74	2.7596198319353706	3.2596198319353706
77	75	1.0846663081335171	1.0846663081335171
77	76	1.9848969746563661	1.9848969746563661
78	73	2.8291599126824147	3.0312412711244625
78	75	2.4089887920038149	2.4089887920038149
78	76	1.3217435454731754	1.3217435454731754
79	67	3.8712041378063464	4.3712041378063464
79	72	4.5247136030693440	5.0000000000000000
79	74	2.3794497366469569	2.8794497366469569
79	75	2.4054727186147851	2.4054727186147851
79	76	1.9596412937065837	1.9596412937065837
79	77	3.1458518276116285	3.6458518276116285
79	78	1.0315774328667755	1.0315774328667755
80	75	3.8457646833887273	3.8457646833887273
80	76	2.5116896703215557	2.5116896703215557
80	78	1.4806042685336276	1.4806042685336276
80	79	2.1902495291632871	2.1902495291632871
81	76	3.1510212949472738	3.3665082906604629
81	78	2.6676598358861248	2.6676598358861248
81	80	1.5898408725403910	1.5898408725403910
82	77	4.7663177161102634	5.0000000000000000
82	78	2.1047529546243662	2.1047529546243662
82	79	2.4299459786349984	2.9299459786349984
82	80	1.1052357214639803	1.1052357214639803
82	81	2.2038593421541210	2.2038593421541210
83	78	2.9343654439307088	3.1024087229611732
83	80	2.4905920982770335	2.4905920982770335
83	81	1.3482444140436887	1.3482444140436887
84	72	4.6841693320246165	5.0000000000000000
84	74	4.5716068718438843	5.0000000000000000
84	77	3.3451335809817224	3.8451335809817224
84	79	2.8296895047941870	3.3296895047941870
84	80	2.4779091993049276	2.4779091993049276
84	81	1.9823713072984093	1.9823713072984093
84	82	3.3427497744327432	3.8427497744327432
84	83	1.0261359559044787	1.0261359559044787
85	80	3.9259885379353792	3.9259885379353792
85	81	2.5404011494250289	2.5404011494250289
85	83	1.4746596217432664	1.4746596217432664
85	84	2.1693607353319528	2.1693607353319528
86	81	3.2154529852628970	3.5215351222589115
86	83	2.5337570917512990	2.5337570917512990
86	85	1.5602967666440932	1.5602967666440932
87	82	4.6901559265979973	5.0000000000000000
87	83	2.0819961575372816	2.0819961575372816
87	84	2.6960706824333855	3.1960706824333855
87	85	1.1098238598984966	1.1098238598984966
87	86	2.1404936346553320	2.1404936346553320
88	83	2.9601861186965004	3.2727730942845663
88	85	2.5251894978397207	2.5251894978397207
88	86	1.3615902467335763	1.3615902467335763
89	77	3.4298589953171374	3.9298589953171374
89	84	2.4951262070868880	2.9951262070868880
89	85	2.5818847766699458	2.5818847766699458
89	86	2.0116363985571546	2.0116363985571546
89	87	3.3450417274371755	3.8450417274371755
89	88	1.0259186127563917	1.0259186127563917
90	85	3.9586132672945005	3.9586132672945005
90	86	2.5433373743960921	2.5433373743960921
90	88	1.5065048954450835	1.5065048954450835
90	89	2.2172284501151434	2.2172284501151434
91	86	3.0798117832094172	3.4271047861941248
91	88	2.5022537840914518	2.5022537840914518
91	90	1.5848214410462760	1.5848214410462760
92	87	4.5524949349265640	5.0000000000000000
92	88	2.1249199984940614	2.1249199984940614
92	89	2.7263354034319391	3.2263354034319391
92	90	1.1077797615049672	1.1077797615049672
92	91	2.1585112925347425	2.1585112925347425
93	88	2.9003973460145223	3.2333004796458740
93	90	2.5550017612518365	2.5550017612518365
93	91	1.3616625866931931	1.3616625866931931
94	77	3.6065382720548738	4.1065382720548733
94	82	4.6610175020818518	5.0000000000000000
94	84	3.9851044948288763	4.4851044948288763
94	89	2.3202105462549714	2.8202105462549714
94	90	2.6237766673251728	2.6237766673251728
94	91	2.0201908325700324	2.0201908325700324
94	92	3.4041414555827472	3.9041414555827472
94	93	1.0282207934096650	1.0282207934096650
95	90	3.9665282048663122	3.9665282048663122
95	91	2.5183504521809490	2.5183504521809490
95	93	1.4915756769269188	1.4915756769269188
95	94	2.2078691084391742	2.2078691084391742
96	91	3.0740523970834697	3.3560293051622101
96	93	2.6038776852993704	2.6038776852993704
96	95	1.5647635604141601	1.5647635604141601
97	92	4.6113346329454297	5.0000000000000000
97	93	2.0977924110836148	2.0977924110836148
97	94	2.7310383794490742	3.2310383794490742
97	95	1.1065500440558498	1.1065500440558498
97	96	2.1451773819430384	2.1451773819430384
98	93	3.0010861697348612	3.2612947350893973
98	95	2.5405239617055386	2.5405239617055386
98	96	1.3596157545424425	1.3596157545424425
99	79	4.5992904486289508	5.0000000000000000
99	82	2.7568709122286221	3.2568709122286221
99	84	3.9207830364329466	4.4207830364329466
99	87	4.6307381941198580	5.0000000000000000
99	89	4.0315238937571891	4.5315238937571891
99	94	2.5171842155332320	3.0171842155332320
99	95	2.6174208679537969	2.6174208679537969
99	96	2.0177544449213896	2.0177544449213896
99	97	3.4103406771564830	3.9103406771564830
99	98	1.0253009314342787	1.0253009314342787
100	95	3.9377132958101435	3.9377132958101435
100	96	2.5031222503106001	2.5031222503106001
100	98	1.4827427288643145	1.4827427288643145
100	99	2.2024036868839456	2.2024036868839456
101	96	3.1468960354243301	3.4707002795663597
101	98	2.5433027739535818	2.5433027739535818
101	100	1.5401490187640932	1.5401490187640932
102	82	2.9565450420371455	3.4565450420371455
102	87	4.6286668802454018	5.0000000000000000
102	98	2.1078742846763889	2.1078742846763889
102	99	2.1982880646302334	2.6982880646302334
102	100	1.1055975759741892	1.1055975759741892
102	101	2.1716171393687218	2.1716171393687218
103	98	3.7062183169618699	3.7399106236716166
103	100	2.4234729212433992	2.4234729212433992
103	101	1.3549339467295090	1.3549339467295090
104	82	4.7121228035928855	5.0000000000000000
104	99	4.2318806779094400	4.7318806779094400
104	100	2.4423771207575640	2.4423771207575640
104	101	2.0108637447624345	2.0108637447624345
104	102	2.1236473327891656	2.6236473327891656
104	103	1.0268646454134067	1.0268646454134067
105	100	3.8694482810860804	3.8694482810860804
105	101	2.5257555305294317	2.5257555305294317
105	103	1.5042729140684543	1.5042729140684543
105	104	2.2203652852627664	2.2203652852627664
106	101	3.0993003348946639	3.4286647138308299
106	103	2.5550933446745163	2.5550933446745163
106	105	1.5744970625568016	1.5744970625568016
107	102	4.1966891329876654	4.6966891329876654
107	103	2.1222511632697967	2.1222511632697967
107	104	2.7168612554256559	3.2168612554256559
107	105	1.1095733414245343	1.1095733414245343
107	106	2.1803463027693595	2.1803463027693595
108	103	2.9655973413044001	3.3323676991894540
108	105	2.4464237163664007	2.4464237163664007
108	106	1.3504688074887177	1.3504688074887177
109	102	4.5113098726175087	5.0000000000000000
109	104	3.5543113039751844	4.0543113039751848
109	105	2.4297300261551680	2.4297300261551680
109	106	1.9909558006143686	1.9909558006143686
109	107	1.9761610755298236	2.4761610755298236
109	108	1.0250897521680733	1.0250897521680733
110	105	3.9004027997118436	3.9004027997118436
110	106	2.5530940053198190	2.5530940053198190
110	108	1.4887857468420365	1.4887857468420365
110	109	2.1759535840637789	2.1759535840637789
111	106	3.7308990337403953	3.8106268599401978
111	108	2.4914818883547984	2.4914818883547984
111	110	1.5714951479403294	1.5714951479403294
112	107	4.1229373582783397	4.6229373582783397
112	108	2.0941081633955783	2.0941081633955783
112	109	2.7168577068373927	3.2168577068373927
112	110	1.1056807857605149	1.1056807857605149
112	111	2.1764018470861490	2.1764018470861490
113	108	2.7726039645422129	2.9930476621008326
113	110	2.5513506227094700	2.5513506227094700
113	111	1.3679711254262608	1.3679711254262608
114	107	3.7990647686452705	4.2990647686452705
114	109	1.5552852341011127	2.0552852341011127
114	110	2.6288229305147204	2.6288229305147204
114	111	2.0280633619293029	2.0280633619293029
114	112	3.3403025063391762	3.8403025063391762
114	113	1.0351879056480533	1.0351879056480533
115	110	3.9452949192677602	3.9452949192677602
115	111	2.5065707650094380	2.5065707650094380
115	113	1.4798668859056197	1.4798668859056197
115	114	2.2067337854847806	2.2067337854847806
116	111	3.0967224488055036	3.4226973187460645
116	113	2.5259849564080943	2.5259849564080943
116	115	1.5339837026513714	1.5339837026513714
117	109	4.4798681087983470	4.9798681087983470
117	112	4.5829658376789677	5.0000000000000000
117	113	2.1326821141464078	2.1326821141464078
117	114	2.8537091259676699	3.3537091259676699
117	115	1.1078632587102084	1.1078632587102084
117	116	2.1900805921244109	2.1900805921244109
118	113	3.0369916993749113	3.3843585166128993
118	115	2.4463793655114117	2.4463793655114117
118	116	1.3497859089500102	1.3497859089500102
119	109	4.7173624861628189	5.0000000000000000
119	112	4.3765611056892366	4.8765611056892366
119	114	3.7878853412306341	4.2878853412306341
119	115	2.4856761655533504	2.4856761655533504
119	116	2.0057003764271464	2.0057003764271464
119	117	2.1225951873280664	2.6225951873280664
119	118	1.0261822450227804	1.0261822450227804
120	115	3.8706412905357195	3.8706412905357195
120	116	2.5095605192941641	2.5095605192941641
120	118	1.4892266449402527	1.4892266449402527
120	119	2.2047154011345778	2.2047154011345778
121	116	3.4935041909302016	3.6997556509103591
121	118	2.4200450409031617	2.4200450409031617
121	120	1.5495709083485034	1.5495709083485034
122	117	4.2233910460882296	4.7233910460882296
122	118	2.1372924460634763	2.1372924460634763
122	119	2.7428474569501642	3.2428474569501642
122	120	1.1122315406425034	1.1122315406425034
122	121	2.2008427931135843	2.2008427931135843
123	118	3.2222343496400758	3.5379505377816050
123	120	2.4658002757725539	2.4658002757725539
123	121	1.3506816797454546	1.3506816797454546
124	119	3.8830504151035141	4.3830504151035141
124	120	2.5001129974463150	2.5001129974463150
124	121	2.0039189105350550	2.0039189105350550
124	122	1.9335683780787831	2.4335683780787831
124	123	1.0261841939924810	1.0261841939924810
125	120	3.8965192159156627	3.8965192159156627
125	121	2.5183720932380109	2.5183720932380109
125	123	1.4945156406006606	1.4945156406006606
125	124	2.2090742404907999	2.2090742404907999
126	121	3.4880758095114053	3.7432942543782737
126	123	2.5303229042950219	2.5303229042950219
126	125	1.5675640337798005	1.5675640337798005
127	119	4.5622626483492565	5.0000000000000000
127	122	4.1820647682792131	4.6820647682792131
127	123	2.1305278688625511	2.1305278688625511
127	124	2.8952986272727923	3.3952986272727923
127	125	1.1100594578670098	1.1100594578670098
127	126	2.1446531188049951	2.1446531188049951
128	123	3.0705199637500189	3.4068591050593753
128	125	2.5484365795522592	2.5484365795522592
128	126	1.3638885584973603	1.3638885584973603
129	122	4.0639127552512679	4.5639127552512679
129	124	2.0818727000958250	2.5818727000958250
129	125	2.6198101076223086	2.6198101076223086
129	126	2.0179653118921559	2.0179653118921559
129	127	3.4276428632588010	3.9276428632588010
129	128	1.0263371765652858	1.0263371765652858
130	125	3.9582249809731622	3.9582249809731622
130	126	2.5235169902340648	2.5235169902340648
130	128	1.4909171673838848	1.4909171673838848
130	129	2.2066204929710937	2.2066204929710937
131	126	3.1004511169889053	3.4336373270165890
131	128	2.5185049136342754	2.5185049136342754
131	130	1.5538613194233299	1.5538613194233299
132	124	4.7372084844228715	5.0000000000000000
132	127	4.3201873699076634	4.8201873699076634
132	128	2.1030501658305729	2.1030501658305729
132	129	2.7420512950676121	3.2420512950676121
132	130	1.1104458564018300	1.1104458564018300
132	131	2.1899815067712320	2.1899815067712320
133	128	3.5225357527489538	3.7293421605165205
133	130	2.4821508817958686	2.4821508817958686
133	131	1.3587317616071244	1.3587317616071244
134	129	4.2530618017268793	4.7530618017268793
134	130	2.5041106205597221	2.5041106205597221
134	131	2.0007810974716840	2.0007810974716840
134	132	1.8736710852037333	2.3736710852037333
134	133	1.0263045357007825	1.0263045357007825
135	130	3.9353577982186105	3.9353577982186105
135	131	2.5603488043624067	2.5603488043624067
135	133	1.5073864799712133	1.5073864799712133
135	134	2.2092715994191403	2.2092715994191403
136	131	3.1122942349199176	3.4262458944505458
136	133	2.5594587318415587	2.5594587318415587
136	135	1.5830543262945846	1.5830543262945846
137	132	4.2601637373363275	4.7601637373363275
137	133	2.0773863386476794	2.0773863386476794
137	134	1.9868925244958469	2.4868925244958469
137	135	1.1049235267655402	1.1049235267655402
137	136	2.1702131231747730	2.1702131231747730
138	133	3.6309557499138729	3.8481645880512430
138	135	2.6711737120599248	2.6711737120599248
138	136	1.3939218055543861	1.3939218055543861
139	134	4.4108023778731553	4.9108023778731553
139	135	3.1800158804634924	3.1800158804634924
139	136	2.9144845170286993	2.9144845170286993
139	137	2.2231497082773117	2.7231497082773117
139	138	2.1557973003044619	2.1557973003044619
140	135	4.0386232802775748	4.0386232802775748
140	136	2.5320969570693768	2.5320969570693768
140	138	1.4927159810225124	1.4927159810225124
140	139	3.2751517522093563	3.2751517522093563
141	136	3.1123896652643994	3.4506219041050015
141	138	2.5517785954114451	2.5517785954114451
141	140	1.5597727398566779	1.5597727398566779
142	137	4.4612425206466622	4.9612425206466622
142	138	2.1152430120437713	2.1152430120437713
142	139	3.8693205795306227	4.3693205795306227
142	140	1.1091861881577874	1.1091861881577874
142	141	2.2079685233263691	2.2079685233263691
143	138	3.5797566094539515	3.7556107479358412
143	140	2.4719779529761174	2.4719779529761174
143	141	1.3491597385039320	1.3491597385039320
144	140	2.5073563767442386	2.5073563767442386
144	141	2.0055769743393053	2.0055769743393053
144	142	1.9273988281892289	2.4273988281892289
144	143	1.0259449302959684	1.0259449302959684
145	140	3.8948907558492571	3.8948907558492571
145	141	2.5066234260454832	2.5066234260454832
145	143	1.4876037778924867	1.4876037778924867
145	144	2.2033143216527216	2.2033143216527216
146	141	3.4584445432773037	3.6784628139879261
146	143	2.4041757423283352	2.4041757423283352
146	145	1.5542496581952330	1.5542496581952330
147	142	4.2964738894771139	4.7964738894771139
147	143	2.1376580643311480	2.1376580643311480
147	144	2.8146235844678587	3.3146235844678587
147	145	1.1143666362557689	1.1143666362557689
147	146	2.2171217828527130	2.2171217828527130
148	143	3.1771570117091579	3.5050571772769143
148	145	2.4672971041202145	2.4672971041202145
148	146	1.3490570781104825	1.3490570781104825
149	144	3.8076532739482145	4.3076532739482145
149	145	2.5065107220995491	2.5065107220995491
149	146	2.0067944588322937	2.0067944588322937
149	147	1.8311014545507747	2.3311014545507747
149	148	1.0258123610095591	1.0258123610095591
150	145	3.8820492011307630	3.8820492011307630
150	146	2.4971884190024571	2.4971884190024571
150	148	1.4818707770922537	1.4818707770922537
150	149	2.2003531534733254	2.2003531534733254
151	146	3.1269216956040675	3.4592196578921657
151	148	2.4817409212083361	2.4817409212083361
151	150	1.5291804994833018	1.5291804994833018
152	144	4.3568754849925568	4.8568754849925568
152	147	4.4133076985601862	4.9133076985601862
152	148	2.1401285008148472	2.1401285008148472
152	149	2.7818967390398153	3.2818967390398153
152	150	1.1075499988713842	1.1075499988713842
152	151	2.1510327752035803	2.1510327752035803
