   0.0000000e+00
  -2.4952646e+00
  -1.5899248e+00
  -2.3711447e+00
  -2.5335705e+00
  -2.3727283e+00
  -2.4776126e+00
  -2.6772458e+00
  -1.4565390e+00
  -8.9354102e-01
  -1.0737227e+00
  -9.2264230e-01
  -1.2850717e+00
  -5.2185139e-01
  -1.3211464e+00
  -7.9389552e-01
  -1.4466494e+00
  -1.3768362e+00
  -9.9619633e-01
   1.3963883e+00
  -1.2859697e+00
  -2.8636603e+00
  -1.3183084e+00
  -2.4333364e+00
  -2.1622861e+00
  -1.3524775e+00
   1.2075886e+00
  -1.3055820e+00
  -2.3904880e+00
  -1.5214771e+00
