   2.0450259e+00
   1.7773647e+00
   1.9541346e+00
   1.9567323e+00
   2.0075191e+00
  -9.6605300e-01
   2.3325616e+00
   1.4816435e+00
  -4.0431061e-01
  -8.5463910e-01
  -1.3043131e+00
  -4.8135248e-01
  -1.0863126e+00
  -6.3442876e-01
  -5.8191716e-01
  -4.9935089e-01
  -1.0883738e+00
  -1.0848942e+00
  -8.6888884e-01
   3.1012613e+00
   1.3564142e+00
  -5.9273324e-01
   1.4473305e+00
   2.0263238e+00
  -1.3471627e+00
   2.4316974e+00
   2.2672482e+00
   2.5368145e+00
   1.9775421e+00
   0.0000000e+00
