   5.1118000e+01   2.6287000e+01  -2.3860000e+01
   5.0197000e+01   2.7591000e+01  -2.4283000e+01
   5.1663000e+01   2.7817000e+01  -2.3555000e+01
   5.0825000e+01   2.7224000e+01  -2.3560000e+01
   5.0171000e+01   2.7193000e+01  -2.2234000e+01
   4.9871000e+01   2.8232000e+01  -2.1985000e+01
   5.1207000e+01   2.6641000e+01  -2.1226000e+01
   5.1501000e+01   2.7436000e+01  -2.0176000e+01
   5.0999000e+01   2.8330000e+01  -2.0164000e+01
   5.2476000e+01   2.7069000e+01  -1.9101000e+01
   5.1756000e+01   2.7691000e+01  -1.7863000e+01
   5.2527000e+01   2.5963000e+01  -1.9005000e+01
   5.1109000e+01   2.6835000e+01  -1.7042000e+01
   5.1161000e+01   2.5850000e+01  -1.7325000e+01
   5.0371000e+01   2.7257000e+01  -1.5821000e+01
   5.1324000e+01   2.7070000e+01  -1.4613000e+01
   5.0050000e+01   2.8317000e+01  -1.5921000e+01
   5.1561000e+01   2.8169000e+01  -1.3864000e+01
   5.1076000e+01   2.9014000e+01  -1.4186000e+01
   5.2440000e+01   2.8190000e+01  -1.2665000e+01
   5.1592000e+01   2.8947000e+01  -1.1605000e+01
   5.2658000e+01   2.7149000e+01  -1.2339000e+01
   5.1098000e+01   2.8204000e+01  -1.0591000e+01
   5.1348000e+01   2.7210000e+01  -1.0629000e+01
   5.0263000e+01   2.8756000e+01  -9.4860000e+00
   5.0717000e+01   2.8024000e+01  -8.1980000e+00
   5.0430000e+01   2.9852000e+01  -9.3950000e+00
   5.1245000e+01   2.8797000e+01  -7.2210000e+00
   5.1280000e+01   2.9798000e+01  -7.4470000e+00
   5.1735000e+01   2.8277000e+01  -5.9000000e+00
   5.1359000e+01   2.9212000e+01  -4.7060000e+00
   5.1180000e+01   2.7362000e+01  -5.6750000e+00
   5.1733000e+01   3.0510000e+01  -4.7640000e+00
   5.2197000e+01   3.0694000e+01  -5.6560000e+00
   5.1456000e+01   3.1529000e+01  -3.7180000e+00
   5.0984000e+01   3.2842000e+01  -4.3850000e+00
   5.0691000e+01   3.1141000e+01  -3.0120000e+00
   4.9890000e+01   3.3423000e+01  -3.8530000e+00
   4.9477000e+01   3.2918000e+01  -3.0600000e+00
   4.9305000e+01   3.4682000e+01  -4.3670000e+00
   4.8550000e+01   3.5427000e+01  -3.2610000e+00
   5.0076000e+01   3.5329000e+01  -4.8340000e+00
   4.9287000e+01   3.6259000e+01  -2.4980000e+00
   5.0282000e+01   3.6299000e+01  -2.7450000e+00
   4.8723000e+01   3.7067000e+01  -1.3800000e+00
   4.7900000e+01   3.8330000e+01  -1.7540000e+00
   4.8022000e+01   3.6415000e+01  -8.1400000e-01
   4.8197000e+01   3.9076000e+01  -2.8580000e+00
   4.8996000e+01   3.8730000e+01  -3.4000000e+00
   4.7432000e+01   4.0300000e+01  -3.2830000e+00
   4.5886000e+01   4.0071000e+01  -3.4680000e+00
   4.7526000e+01   4.1014000e+01  -2.4440000e+00
   4.5460000e+01   3.9001000e+01  -4.2020000e+00
   4.6207000e+01   3.8451000e+01  -4.6380000e+00
   4.4030000e+01   3.8625000e+01  -4.4090000e+00
   4.3379000e+01   3.8250000e+01  -3.0320000e+00
   4.3496000e+01   3.9529000e+01  -4.7550000e+00
   4.3728000e+01   3.7101000e+01  -2.3990000e+00
   4.4418000e+01   3.6552000e+01  -2.9210000e+00
   4.3212000e+01   3.6610000e+01  -1.0580000e+00
   4.3252000e+01   3.7691000e+01   7.7000000e-02
   4.2102000e+01   3.6502000e+01  -1.1600000e+00
   4.4162000e+01   3.8702000e+01   7.3000000e-02
   4.4784000e+01   3.8724000e+01  -7.4300000e-01
   4.4130000e+01   3.9811000e+01   1.0740000e+00
   4.2934000e+01   4.0752000e+01   6.7400000e-01
   4.3843000e+01   3.9371000e+01   2.0510000e+00
   4.2857000e+01   4.1404000e+01  -5.2000000e-01
   4.3645000e+01   4.1205000e+01  -1.1570000e+00
   4.1750000e+01   4.2338000e+01  -9.3300000e-01
   4.0252000e+01   4.2114000e+01  -5.4500000e-01
   4.1968000e+01   4.3361000e+01  -5.5400000e-01
   3.9760000e+01   4.0864000e+01  -5.0200000e-01
   4.0430000e+01   4.0149000e+01  -8.1000000e-01
   3.8344000e+01   4.0505000e+01  -1.6500000e-01
   3.7894000e+01   4.0570000e+01   1.2990000e+00
   3.7760000e+01   4.1346000e+01  -5.2300000e-01
   3.8839000e+01   4.0304000e+01   2.1840000e+00
   3.9691000e+01   3.9926000e+01   1.7420000e+00
   3.8731000e+01   4.0374000e+01   3.6590000e+00
   3.7915000e+01   4.1547000e+01   4.3560000e+00
   3.8331000e+01   3.9409000e+01   4.0200000e+00
   3.7884000e+01   4.2716000e+01   3.6850000e+00
   3.8391000e+01   4.2671000e+01   2.7940000e+00
   3.7252000e+01   4.3985000e+01   4.0910000e+00
   3.5714000e+01   4.4016000e+01   3.8300000e+00
   3.7364000e+01   4.4054000e+01   5.1930000e+00
   3.5242000e+01   4.3754000e+01   2.5800000e+00
   3.5974000e+01   4.3556000e+01   1.8890000e+00
   3.3785000e+01   4.3726000e+01   2.1980000e+00
   3.3190000e+01   4.2323000e+01   2.6330000e+00
   3.3257000e+01   4.4472000e+01   2.8240000e+00
   3.3714000e+01   4.1173000e+01   2.1260000e+00
   3.4543000e+01   4.1304000e+01   1.5320000e+00
   3.3216000e+01   3.9810000e+01   2.4710000e+00
   3.3471000e+01   3.9314000e+01   3.9330000e+00
   3.2116000e+01   3.9833000e+01   2.3530000e+00
   3.4694000e+01   3.9463000e+01   4.5080000e+00
   3.5398000e+01   3.9912000e+01   3.9130000e+00
   3.5007000e+01   3.9017000e+01   5.8870000e+00
   3.5346000e+01   3.7520000e+01   6.0140000e+00
   3.5859000e+01   3.9616000e+01   6.2580000e+00
   3.5679000e+01   3.7146000e+01   7.2730000e+00
   3.5680000e+01   3.7911000e+01   7.9580000e+00
   3.6062000e+01   3.5744000e+01   7.6610000e+00
   3.4818000e+01   3.4780000e+01   7.7080000e+00
   3.6752000e+01   3.5357000e+01   6.8830000e+00
   3.4339000e+01   3.4466000e+01   6.4850000e+00
   3.4842000e+01   3.4932000e+01   5.7230000e+00
   3.3176000e+01   3.3599000e+01   6.1500000e+00
   3.3240000e+01   3.3225000e+01   4.6250000e+00
   3.3300000e+01   3.2664000e+01   6.7270000e+00
   3.3585000e+01   3.4169000e+01   3.6970000e+00
   3.3946000e+01   3.5052000e+01   4.0990000e+00
   3.3646000e+01   3.3895000e+01   2.2440000e+00
   3.4965000e+01   3.3259000e+01   1.7870000e+00
   3.2780000e+01   3.3277000e+01   1.9350000e+00
   3.5064000e+01   3.1923000e+01   1.9520000e+00
   3.4237000e+01   3.1484000e+01   2.3720000e+00
   3.6252000e+01   3.1117000e+01   1.5560000e+00
   3.5687000e+01   2.9768000e+01   1.0440000e+00
   3.6805000e+01   3.1640000e+01   7.4500000e-01
   3.5923000e+01   2.9474000e+01  -2.5300000e-01
   3.6464000e+01   3.0187000e+01  -7.5500000e-01
   3.5461000e+01   2.8227000e+01  -9.3500000e-01
   3.6650000e+01   2.7483000e+01  -1.6350000e+00
   3.5085000e+01   2.7517000e+01  -1.6900000e-01
   3.7398000e+01   2.8111000e+01  -2.5870000e+00
   3.7112000e+01   2.9077000e+01  -2.7830000e+00
   3.8541000e+01   2.7479000e+01  -3.3060000e+00
   3.9847000e+01   2.7536000e+01  -2.4660000e+00
   3.8264000e+01   2.6419000e+01  -3.4870000e+00
   4.0607000e+01   2.6410000e+01  -2.4400000e+00
   4.0208000e+01   2.5638000e+01  -2.9860000e+00
   4.1908000e+01   2.6223000e+01  -1.7020000e+00
   4.1714000e+01   2.6322000e+01  -1.3400000e-01
   4.2194000e+01   2.5177000e+01  -1.9140000e+00
   4.2067000e+01   2.5375000e+01   8.2600000e-01
   4.3484000e+01   2.4008000e+01  -5.2000000e-02
   4.1793000e+01   2.5565000e+01   2.2810000e+00
   4.2764000e+01   2.6574000e+01   2.9680000e+00
   4.0742000e+01   2.5903000e+01   2.3880000e+00
   4.2234000e+01   2.7340000e+01   3.9440000e+00
   4.1237000e+01   2.7175000e+01   4.1210000e+00
   4.3000000e+01   2.8355000e+01   4.7160000e+00
   4.2670000e+01   2.8041000e+01   6.2020000e+00
   4.4089000e+01   2.8239000e+01   4.5100000e+00
   4.3693000e+01   2.7590000e+01   6.9570000e+00
   4.4588000e+01   2.7511000e+01   6.4620000e+00
   4.3565000e+01   2.7239000e+01   8.3910000e+00
   4.3871000e+01   2.8445000e+01   9.2800000e+00
   4.2538000e+01   2.6892000e+01   8.6180000e+00
