2	1	1.6987892747483426	1.6987892747483426
3	1	1.6955476991226162	1.6955476991226162
3	2	1.6990453201724780	1.6990453201724780
4	1	1.0394743864088236	1.0394743864088236
4	2	1.0405142959133240	1.0405142959133240
4	3	1.0397062085031517	1.0397062085031517
5	1	2.0832515450612301	2.0832515450612301
5	2	2.0835100191743745	2.0835100191743745
5	3	2.0830057609137813	2.0830057609137813
5	4	1.4910311867965742	1.4910311867965742
6	1	2.0614649301357084	2.5614649301357084
6	2	2.4798317062352684	2.9798317062352684
6	3	2.6709705257270273	3.1709705257270273
6	4	2.1237707032540030	2.1237707032540030
6	5	1.0786612072379351	1.0786612072379351
7	4	2.4782384873131158	2.4782384873131158
7	5	1.5306162157771617	1.5306162157771617
7	6	2.1593637951952411	2.1593637951952411
8	4	3.6281138522530267	3.6809043930233574
8	5	2.4269472594187125	2.4269472594187125
8	7	1.3050130267549054	1.3050130267549054
9	1	4.3701653343665274	4.8701653343665274
9	2	3.9503148968547466	4.4503148968547466
9	3	4.1778342753413868	4.6778342753413868
9	5	2.5534703836152084	2.5534703836152084
9	6	2.2627051605101749	2.7627051605101749
9	7	1.9855963839612523	1.9855963839612523
9	8	0.9795233534735150	0.9795233534735150
10	5	3.8240624994892536	3.8240624994892536
10	7	2.4237157424087505	2.4237157424087505
10	8	1.4916826069911790	1.4916826069911790
10	9	2.1549990719255550	2.1549990719255550
11	7	2.8660949085426135	3.1994873784449473
11	8	2.4792938510793756	2.4792938510793756
11	10	1.5306407155175239	1.5306407155175239
12	2	4.4055179346549460	4.9055179346549460
12	6	4.0210744253787780	4.5210744253787780
12	8	2.1244917039141389	2.1244917039141389
12	9	2.7004151504342273	3.2004151504342273
12	10	1.0788160176786403	1.0788160176786403
12	11	2.1594825769151273	2.1594825769151273
13	8	2.7625534551595985	3.0695565505825217
13	10	2.4281371460442664	2.4281371460442664
13	11	1.3056772189174475	1.3056772189174475
14	6	4.4952055346440662	4.9952055346440662
14	9	2.5416320943205259	3.0416320943205259
14	10	2.5550816033935191	2.5550816033935191
14	11	1.9830226927597174	1.9830226927597174
14	12	3.3997626626113875	3.8997626626113875
14	13	0.9745532309730446	0.9745532309730446
15	10	3.8191231978033904	3.8191231978033904
15	11	2.4195158606630378	2.4195158606630378
15	13	1.4847208491834418	1.4847208491834418
15	14	2.1424859392770821	2.1424859392770821
16	11	2.7639604447772737	3.0585896100129348
16	13	2.4683332433040723	2.4683332433040723
16	15	1.5276769946556110	1.5276769946556110
17	12	4.5567348487048669	5.0000000000000000
17	13	2.1089935988523063	2.1089935988523063
17	14	2.4846485916526335	2.9846485916526335
17	15	1.0713066787806373	1.0713066787806373
17	16	2.1543340038164924	2.1543340038164924
18	13	2.6946642906854108	2.9690950358848927
18	15	2.4162421236291700	2.4162421236291700
18	16	1.3016700810881383	1.3016700810881383
19	2	4.0978047173020373	4.5978047173020373
19	3	3.4460289633350141	3.9460289633350141
19	6	4.3735394505924026	4.8735394505924026
19	9	3.9289644351119319	4.4289644351119319
19	12	4.3126270082421998	4.8126270082421998
19	14	2.3631166999990643	2.8631166999990643
19	15	2.5341643593105796	2.5341643593105796
19	16	1.9736752519094929	1.9736752519094929
19	17	3.3192343295745230	3.8192343295745230
19	18	0.9706590544573308	0.9706590544573308
20	15	3.8076226178548733	3.8076226178548733
20	16	2.4154099031013350	2.4154099031013350
20	18	1.4816504311071486	1.4816504311071486
20	19	2.1375132748125796	2.1375132748125796
21	16	2.8349696224091252	3.1623329166035656
21	18	2.4658836144473648	2.4658836144473648
21	20	1.5279928010301622	1.5279928010301622
22	3	4.5602329210177501	5.0000000000000000
22	17	4.5397711882472196	5.0000000000000000
22	18	2.1023291844998964	2.1023291844998964
22	19	2.4888190684498515	2.9888190684498515
22	20	1.0685635217430920	1.0685635217430920
22	21	2.1546939457844121	2.1546939457844121
23	18	2.6915653733183063	2.9646021474169717
23	20	2.4167494698458096	2.4167494698458096
23	21	1.3024976007655447	1.3024976007655447
24	2	3.7750468434508262	4.2750468434508262
24	3	4.0070941287123061	4.5070941287123061
24	9	4.6729989745050222	5.0000000000000000
24	12	3.3204022190922693	3.8204022190922693
24	14	3.9839021633021066	4.4839021633021066
24	17	3.9349031453121626	4.4349031453121626
24	19	2.4614023546827752	2.9614023546827752
24	20	2.5353936577975418	2.5353936577975418
24	21	1.9813412124114309	1.9813412124114309
24	22	3.3657222995002121	3.8657222995002121
24	23	0.9806635508674721	0.9806635508674721
25	20	3.8167651224564505	3.8167651224564505
25	21	2.4233171480431528	2.4233171480431528
25	23	1.4914308565937613	1.4914308565937613
25	24	2.1570973552438470	2.1570973552438470
26	21	2.9042639708782887	3.2441438487335259
26	23	2.4779124278311371	2.4779124278311371
26	25	1.5300411759165173	1.5300411759165173
27	22	4.6122415845592775	5.0000000000000000
27	23	2.1243304827639227	2.1243304827639227
27	24	2.6679840473493055	3.1679840473493055
27	25	1.0787372247215727	1.0787372247215727
27	26	2.1588603474981891	2.1588603474981891
28	23	2.6569122118850692	2.7999679343292718
28	25	2.4251983424041836	2.4251983424041836
28	26	1.3041997546388360	1.3041997546388360
29	12	4.7541132456669706	5.0000000000000000
29	14	4.8179116348798177	5.0000000000000000
29	17	3.1649203481921528	3.6649203481921528
29	19	3.8247931889436373	4.3247931889436373
29	22	3.8615774764501385	4.3615774764501385
29	24	2.3673882027101354	2.8673882027101354
29	25	2.5515522726371880	2.5515522726371880
29	26	1.9813886544542441	1.9813886544542441
29	27	3.3816385297010130	3.8816385297010130
29	28	0.9738685742953204	0.9738685742953204
30	25	3.8159165347266177	3.8159165347266177
30	26	2.4169238713703831	2.4169238713703831
30	28	1.4847733833821239	1.4847733833821239
30	29	2.1428775046651638	2.1428775046651638
31	26	2.7572856322340922	3.0526370838624506
31	28	2.4660928611875099	2.4660928611875099
31	30	1.5278147793499053	1.5278147793499053
32	27	4.6890632882695424	5.0000000000000000
32	28	2.1109632872222104	2.1109632872222104
32	29	2.5299936478209415	3.0299936478209415
32	30	1.0726835507268675	1.0726835507268675
32	31	2.1552846679731195	2.1552846679731195
33	28	2.6543945297407485	2.8787994359535687
33	30	2.4159275651393193	2.4159275651393193
33	31	1.3009342796621204	1.3009342796621204
34	22	3.4801303084107156	3.9801303084107156
34	24	4.1329252216562136	4.6329252216562136
34	27	3.8529585858487509	4.3529585858487509
34	29	2.4893054284646698	2.9893054284646698
34	30	2.5350994063349863	2.5350994063349863
34	31	1.9726482200331612	1.9726482200331612
34	32	3.3760620086376689	3.8760620086376689
34	33	0.9688720245729049	0.9688720245729049
35	30	3.8056617033046956	3.8056617033046956
35	31	2.4135892359720197	2.4135892359720197
35	33	1.4794711893105590	1.4794711893105590
35	34	2.1322631169721995	2.1322631169721995
36	31	2.8614932492398086	3.1895225194281425
36	33	2.4782752066709621	2.4782752066709621
36	35	1.5326535812113578	1.5326535812113578
37	32	4.5143061445511412	5.0000000000000000
37	33	2.0940040592128755	2.0940040592128755
37	34	2.6367269588666109	3.1367269588666109
37	35	1.0654585867127826	1.0654585867127826
37	36	2.1571798719624660	2.1571798719624660
38	33	2.6743311309291298	2.8649876439743869
38	35	2.4283354381139355	2.4283354381139355
38	36	1.3050555543730695	1.3050555543730695
39	27	2.8483110467422610	3.3483110467422610
39	29	3.8502326434144649	4.3502326434144649
39	32	4.0266189068956768	4.5266189068956768
39	34	2.3817677014620835	2.8817677014620835
39	35	2.5484477628548716	2.5484477628548716
39	36	1.9716756832704512	1.9716756832704512
39	37	3.2729338599982829	3.7729338599982829
39	38	0.9628172204525633	0.9628172204525633
40	35	3.8176229515236306	3.8176229515236306
40	36	2.4182336528962622	2.4182336528962622
40	38	1.4806154125903188	1.4806154125903188
40	39	2.1281322797232316	2.1281322797232316
41	36	3.0576009862784308	3.3974157420955060
41	38	2.4565595860878275	2.4565595860878275
41	40	1.5163419798976752	1.5163419798976752
42	37	4.4266435765678205	4.9266435765678205
42	38	2.0857106702512698	2.0857106702512698
42	39	2.6841481975808303	3.1841481975808303
42	40	1.0622960980818861	1.0622960980818861
42	41	2.1263922497977656	2.1263922497977656
43	38	2.6343175429314121	2.8925852816068378
43	40	2.3774511561754541	2.3774511561754541
43	41	1.2862352039965321	1.2862352039965321
44	32	4.0670505305656608	4.5670505305656608
44	34	4.1697096181487812	4.6697096181487812
44	37	3.2404836894154401	3.7404836894154401
44	39	2.5481322277133800	3.0481322277133800
44	40	2.4711719891581807	2.4711719891581807
44	41	1.9506414329650639	1.9506414329650639
44	42	2.6017158994823406	3.1017158994823406
44	43	0.9701963718753019	0.9701963718753019
45	40	3.7780636574838180	3.7780636574838180
45	41	2.4059492928987507	2.4059492928987507
45	43	1.4843695631479377	1.4843695631479377
45	44	2.1476931810666064	2.1476931810666064
46	41	3.5962130475100973	3.6914057646366847
46	43	2.4814451434597538	2.4814451434597538
46	45	1.5313480988984833	1.5313480988984833
47	42	4.0705178487180387	4.5705178487180387
47	43	2.0994844605283456	2.0994844605283456
47	44	2.5756313446747914	3.0756313446747914
47	45	1.0680702224104930	1.0680702224104930
47	46	2.1482497527056763	2.1482497527056763
48	43	2.7068297793113345	2.9509325905041099
48	45	2.4289697404455244	2.4289697404455244
48	46	1.3024319559961666	1.3024319559961666
49	32	3.4412951586545368	3.9412951586545368
49	34	4.5102698524120548	5.0000000000000000
49	37	3.3255995051133262	3.8255995051133262
49	39	3.9980900911957136	4.4980900911957136
49	42	4.4598008498702226	4.9598008498702226
49	44	1.6225020873749978	2.1225020873749978
49	45	2.5561529688185725	2.5561529688185725
49	46	1.9763008374232909	1.9763008374232909
49	47	3.1815118663564177	3.6815118663564177
49	48	0.9694379815130000	0.9694379815130000
50	45	3.8179599264528692	3.8179599264528692
50	46	2.4145436421816857	2.4145436421816857
50	48	1.4845288814974267	1.4845288814974267
50	49	2.1394639515542209	2.1394639515542209
51	46	2.9501747892347332	3.2930934764240263
51	48	2.4783280654505768	2.4783280654505768
51	50	1.5252035929671817	1.5252035929671817
52	44	4.2829004211486854	4.7829004211486854
52	47	4.5346571810915641	5.0000000000000000
52	48	2.1004509039727641	2.1004509039727641
52	49	2.6359320829623791	3.1359320829623791
52	50	1.0694363001132885	1.0694363001132885
52	51	2.1389983637207393	2.1389983637207393
53	48	2.6664971454355246	2.8747585028674250
53	50	2.4105258762353081	2.4105258762353081
53	51	1.2978077669670496	1.2978077669670496
54	44	3.5106845848304808	4.0106845848304804
54	47	3.1715241610248146	3.6715241610248146
54	49	2.9340349616750965	3.4340349616750965
54	50	2.5276376322566492	2.5276376322566492
54	51	1.9679618898749027	1.9679618898749027
54	52	2.6183622638684985	3.1183622638684985
54	53	0.9677453177360249	0.9677453177360249
55	50	3.7986920117324594	3.7986920117324594
55	51	2.4077518559851634	2.4077518559851634
55	53	1.4797695766571226	1.4797695766571226
55	54	2.1353559422260262	2.1353559422260262
56	51	2.8465449745656426	3.1963817494868580
56	53	2.4293089552380938	2.4293089552380938
56	55	1.5232012342431973	1.5232012342431973
57	52	4.3871848635987369	4.8871848635987369
57	53	2.1064892594077000	2.1064892594077000
57	54	2.7044351455014719	3.2044351455014719
57	55	1.0704956795802592	1.0704956795802592
57	56	2.1550097447575500	2.1550097447575500
58	53	2.5932404240075151	2.8477014703529981
58	55	2.3990791983592370	2.3990791983592370
58	56	1.3020433940541307	1.3020433940541307
59	52	3.5312658858091757	4.0312658858091757
59	54	2.0788209550588324	2.5788209550588324
59	55	2.5076863839005066	2.5076863839005066
59	56	1.9725295942013139	1.9725295942013139
59	57	3.2152066388461034	3.7152066388461034
59	58	0.9703432382409846	0.9703432382409846
60	55	3.7940649704505587	3.7940649704505587
60	56	2.4192075148692802	2.4192075148692802
60	58	1.4769008091270039	1.4769008091270039
60	59	2.1275502344245600	2.1275502344245600
61	56	3.0762553653844487	3.4158088012707144
61	58	2.4495503669040977	2.4495503669040977
61	60	1.5304251043419272	1.5304251043419272
62	57	4.5170846061651631	5.0000000000000000
62	58	2.1031321879520553	2.1031321879520553
62	59	2.7080491594798333	3.2080491594798333
62	60	1.0689532262919645	1.0689532262919645
62	61	2.1611941143728850	2.1611941143728850
63	58	3.5803772436986780	3.6577086501399938
63	60	2.4327050787138171	2.4327050787138171
63	61	1.3034189656438178	1.3034189656438178
64	59	4.3208097826029750	4.8208097826029750
64	60	2.5644933222763515	2.5644933222763515
64	61	1.9856694085370807	1.9856694085370807
64	62	2.2346839998338655	2.7346839998338655
64	63	0.9810942870081349	0.9810942870081349
65	60	3.8282174703117375	3.8282174703117375
65	61	2.4224764188738765	2.4224764188738765
65	63	1.4930669777340868	1.4930669777340868
65	64	2.1582370120077177	2.1582370120077177
66	61	2.7025649955531059	2.9036824857330288
66	63	2.4823925958639177	2.4823925958639177
66	65	1.5309363148086856	1.5309363148086856
67	62	4.3744841968956969	4.8744841968956969
67	63	2.1252609251571912	2.1252609251571912
67	64	2.1295162803348591	2.6295162803348591
67	65	1.0780375689186348	1.0780375689186348
67	66	2.1588675272003148	2.1588675272003148
68	63	2.8172592623796762	3.1469223601450906
68	65	2.4261510670195290	2.4261510670195290
68	66	1.3045715771853992	1.3045715771853992
69	62	3.6127016182941589	4.1127016182941585
69	64	2.8156376532072867	3.3156376532072867
69	65	2.5500980373311140	2.5500980373311140
69	66	1.9806630203040598	1.9806630203040598
69	67	2.5268661759005084	3.0268661759005084
69	68	0.9742345713430621	0.9742345713430621
70	65	3.8212351406318872	3.8212351406318872
70	66	2.4224033520452370	2.4224033520452370
70	68	1.4876225999896613	1.4876225999896613
70	69	2.1449685312376960	2.1449685312376960
71	66	2.8492750608471487	3.1733039891386841
71	68	2.4816625475676584	2.4816625475676584
71	70	1.5309898758646314	1.5309898758646314
72	52	4.7158443625078359	5.0000000000000000
72	67	4.5570133896997289	5.0000000000000000
72	68	2.1110388437923162	2.1110388437923162
72	69	2.5101270291223341	3.0101270291223341
72	70	1.0728793035565558	1.0728793035565558
72	71	2.1581492070753585	2.1581492070753585
73	68	2.8372161700643432	3.1686946363205961
73	70	2.4285610966166775	2.4285610966166775
73	71	1.3052329294037903	1.3052329294037903
74	67	3.9093751730035331	4.4093751730035331
74	69	3.4855453384848225	3.9855453384848225
74	70	2.5543944487882055	2.5543944487882055
74	71	1.9850705277143179	1.9850705277143179
74	72	2.3962965496096538	2.8962965496096538
74	73	0.9796356465543710	0.9796356465543710
75	70	3.8237872587266151	3.8237872587266151
75	71	2.4231403178520226	2.4231403178520226
75	73	1.4892058286214167	1.4892058286214167
75	74	2.1524595234289543	2.1524595234289543
76	71	2.7783902100724616	3.0767317024630079
76	73	2.4747197821167553	2.4747197821167553
76	75	1.5288237308466923	1.5288237308466923
77	72	4.4838685406288210	4.9838685406288210
77	73	2.1207529323332319	2.1207529323332319
77	74	2.0796489587648765	2.5796489587648765
77	75	1.0778446084663600	1.0778446084663600
77	76	2.1565905962885030	2.1565905962885030
78	73	3.1235025525938105	3.4538552400024831
78	75	2.4193242858285862	2.4193242858285862
78	76	1.3022119643130299	1.3022119643130299
79	67	4.5274961755688672	5.0000000000000000
79	74	3.3709909108221066	3.8709909108221066
79	75	2.5407772432859992	2.5407772432859992
79	76	1.9816611718454802	1.9816611718454802
79	77	2.0692436540416423	2.5692436540416423
79	78	0.9799127512181892	0.9799127512181892
80	75	3.8178492636561749	3.8178492636561749
80	76	2.4216698784103499	2.4216698784103499
80	78	1.4912615464766734	1.4912615464766734
80	79	2.1561484178970614	2.1561484178970614
81	76	2.7359713232929996	2.9989200628771173
81	78	2.4782772242023294	2.4782772242023294
81	80	1.5310352706583874	1.5310352706583874
82	77	4.4070220481072155	4.9070220481072155
82	78	2.1236058956407140	2.1236058956407140
82	79	2.5169909987630952	3.0169909987630952
82	80	1.0782583178441052	1.0782583178441052
82	81	2.1599268506132332	2.1599268506132332
83	78	3.6477785963749731	3.6806967675266979
83	80	2.4268417748176341	2.4268417748176341
83	81	1.3048540148231142	1.3048540148231142
84	79	4.4770725402271090	4.9770725402271090
84	80	2.5517245149114354	2.5517245149114354
84	81	1.9845011967746449	1.9845011967746449
84	82	2.1778529544525012	2.6778529544525012
84	83	0.9792492021952327	0.9792492021952327
85	80	3.8226548366285966	3.8226548366285966
85	81	2.4221926017556896	2.4221926017556896
85	83	1.4902217955727257	1.4902217955727257
85	84	2.1542817828687126	2.1542817828687126
86	81	3.0275944939028880	3.3737374779859084
86	83	2.4757035363710256	2.4757035363710256
86	85	1.5292942816868169	1.5292942816868169
87	82	4.1133259030327256	4.6133259030327256
87	83	2.1228504422120742	2.1228504422120742
87	84	2.6869347203252114	3.1869347203252114
87	85	1.0780171612734195	1.0780171612734195
87	86	2.1577557785810701	2.1577557785810701
88	83	2.7054302333104920	2.9755668588613040
88	85	2.4243203171198306	2.4243203171198306
88	86	1.3045512638451586	1.3045512638451586
89	79	4.4346644267675472	4.9346644267675472
89	82	4.2107598940828810	4.7107598940828810
89	84	3.2864779809304423	3.7864779809304423
89	85	2.5480115776817018	2.5480115776817018
89	86	1.9772329149596919	1.9772329149596919
89	87	2.5249283041014077	3.0249283041014077
89	88	0.9692419718522305	0.9692419718522305
90	85	3.8127383859897859	3.8127383859897859
90	86	2.4170004137360017	2.4170004137360017
90	88	1.4796354280700363	1.4796354280700363
90	89	2.1315067440662716	2.1315067440662716
91	86	3.5259271603169364	3.6866544138762136
91	88	2.4653441950364656	2.4653441950364656
91	90	1.5299388876683928	1.5299388876683928
92	87	4.2192505690324253	4.7192505690324253
92	88	2.0992810674133175	2.0992810674133175
92	89	2.7394595014165661	3.2394595014165661
92	90	1.0680308984294418	1.0680308984294418
92	91	2.1533645766567258	2.1533645766567258
93	88	2.9956103540772503	3.3424056911783451
93	90	2.4264496697850548	2.4264496697850548
93	91	1.3047340725220602	1.3047340725220602
94	87	4.6951284364357955	5.0000000000000000
94	89	3.4682164987895026	3.9682164987895026
94	90	2.5531697945886793	2.5531697945886793
94	91	1.9859942094578218	1.9859942094578218
94	92	2.0370223187421881	2.5370223187421881
94	93	0.9806824154638440	0.9806824154638440
95	90	3.8217718403902663	3.8217718403902663
95	91	2.4218870741634513	2.4218870741634513
95	93	1.4900275165244434	1.4900275165244434
95	94	2.1548327081237657	2.1548327081237657
96	91	2.8189812125074707	3.1465084743864042
96	93	2.4664942732550585	2.4664942732550585
96	95	1.5294260361325092	1.5294260361325092
97	89	4.0690769729783067	4.5690769729783067
97	92	4.3073770358295498	4.8073770358295498
97	93	2.1116765850858878	2.1116765850858878
97	94	2.6525924247557118	3.1525924247557118
97	95	1.0803499433054080	1.0803499433054080
97	96	2.1474235725631763	2.1474235725631763
98	93	2.7329513068949511	3.0356181178482813
98	95	2.4264626516804260	2.4264626516804260
98	96	1.3051609096199601	1.3051609096199601
99	89	4.1945898794614225	4.6945898794614225
99	92	3.8233041545646076	4.3233041545646076
99	94	3.4938091563725617	3.9938091563725617
99	95	2.5532679060372812	2.5532679060372812
99	96	1.9861794984341170	1.9861794984341170
99	97	2.4896869089616889	2.9896869089616889
99	98	0.9805325083851120	0.9805325083851120
100	95	3.8230591154205302	3.8230591154205302
100	96	2.4231205087655061	2.4231205087655061
100	98	1.4920402139352682	1.4920402139352682
100	99	2.1574104848173890	2.1574104848173890
101	96	3.0434677913549759	3.3892218423935860
101	98	2.4803969440394007	2.4803969440394007
101	100	1.5321582816406405	1.5321582816406405
102	97	4.5265596370392256	5.0000000000000000
102	98	2.1220956623111977	2.1220956623111977
102	99	2.6459508164767951	3.1459508164767951
102	100	1.0783607930558308	1.0783607930558308
102	101	2.1579219170303641	2.1579219170303641
