   6.0110000e+00  -9.9050000e+00  -1.0663000e+01
   4.6750000e+00  -9.3950000e+00  -9.7460000e+00
   5.9140000e+00  -8.2980000e+00  -1.0131000e+01
   5.7000000e+00  -9.2860000e+00  -9.8880000e+00
   6.4180000e+00  -9.6570000e+00  -8.6350000e+00
   6.6850000e+00  -1.0702000e+01  -8.6490000e+00
   5.5490000e+00  -9.3420000e+00  -7.4150000e+00
   5.9480000e+00  -9.7950000e+00  -6.2580000e+00
   6.7750000e+00  -1.0316000e+01  -6.1940000e+00
   5.1440000e+00  -9.5200000e+00  -5.0320000e+00
   5.0530000e+00  -8.0120000e+00  -4.7860000e+00
   4.1580000e+00  -9.9480000e+00  -5.1240000e+00
   6.1670000e+00  -7.3310000e+00  -4.7920000e+00
   7.0160000e+00  -7.7830000e+00  -4.9490000e+00
   6.1450000e+00  -5.8650000e+00  -4.5580000e+00
   5.3050000e+00  -5.1760000e+00  -5.6320000e+00
   5.7600000e+00  -5.6530000e+00  -3.5810000e+00
   5.4650000e+00  -5.5800000e+00  -6.8590000e+00
   6.0980000e+00  -6.2890000e+00  -7.0560000e+00
   4.6870000e+00  -4.9600000e+00  -7.9570000e+00
   3.1910000e+00  -5.0750000e+00  -7.6680000e+00
   4.9750000e+00  -3.9380000e+00  -8.0770000e+00
   2.7810000e+00  -6.1710000e+00  -7.0960000e+00
   3.4270000e+00  -6.8740000e+00  -6.8720000e+00
   1.3350000e+00  -6.3560000e+00  -6.7810000e+00
   9.0600000e-01  -5.3840000e+00  -5.6800000e+00
   7.3500000e-01  -6.2130000e+00  -7.6660000e+00
   1.8260000e+00  -4.9650000e+00  -4.8560000e+00
   2.7460000e+00  -5.2690000e+00  -4.9540000e+00
   1.4720000e+00  -4.0210000e+00  -3.7660000e+00
   8.2900000e-01  -2.7660000e+00  -4.3540000e+00
   8.1100000e-01  -4.4940000e+00  -3.0660000e+00
   1.3110000e+00  -2.3250000e+00  -5.4790000e+00
   2.0490000e+00  -2.7870000e+00  -5.9040000e+00
   7.4800000e-01  -1.1100000e+00  -6.1080000e+00
  -6.5900000e-01  -1.3830000e+00  -6.6510000e+00
   7.3600000e-01  -3.1300000e-01  -5.4010000e+00
  -9.1900000e-01  -2.5920000e+00  -7.0680000e+00
  -2.4100000e-01  -3.2740000e+00  -7.0210000e+00
  -2.2560000e+00  -2.9250000e+00  -7.6100000e+00
  -3.1540000e+00  -3.4400000e+00  -6.5020000e+00
  -2.6820000e+00  -2.0540000e+00  -8.0440000e+00
  -2.9690000e+00  -2.9160000e+00  -5.3420000e+00
  -2.2850000e+00  -2.2360000e+00  -5.2370000e+00
  -3.7980000e+00  -3.3400000e+00  -4.1860000e+00
  -3.6890000e+00  -2.3290000e+00  -3.0410000e+00
  -4.8160000e+00  -3.4410000e+00  -4.4930000e+00
  -2.5410000e+00  -1.7420000e+00  -2.8570000e+00
  -1.7890000e+00  -1.9510000e+00  -3.4320000e+00
  -2.3780000e+00  -7.6300000e-01  -1.7530000e+00
  -3.0470000e+00   5.6300000e-01  -2.1000000e+00
  -2.8040000e+00  -1.1600000e+00  -8.5600000e-01
  -4.1630000e+00   5.0600000e-01  -2.7600000e+00
  -4.5340000e+00  -3.5300000e-01  -3.0070000e+00
  -4.8860000e+00   1.7510000e+00  -3.1020000e+00
  -5.5370000e+00   2.2810000e+00  -1.8310000e+00
  -4.2120000e+00   2.4700000e+00  -3.5200000e+00
  -6.0570000e+00   1.3870000e+00  -1.0400000e+00
  -6.0150000e+00   4.4800000e-01  -1.2810000e+00
  -6.6930000e+00   1.7790000e+00   2.3400000e-01
  -5.6150000e+00   1.9050000e+00   1.3130000e+00
  -7.2310000e+00   2.6950000e+00   1.1500000e-01
  -5.9440000e+00   2.4570000e+00   2.4470000e+00
  -6.8600000e+00   2.7780000e+00   2.5900000e+00
  -4.9250000e+00   2.5990000e+00   3.5290000e+00
  -3.5480000e+00   2.8930000e+00   2.9280000e+00
  -5.2110000e+00   3.3790000e+00   4.2160000e+00
  -3.4530000e+00   3.9040000e+00   2.1090000e+00
  -4.2410000e+00   4.4370000e+00   1.8990000e+00
  -2.1460000e+00   4.2400000e+00   1.4830000e+00
  -1.1210000e+00   4.6280000e+00   2.5520000e+00
  -1.7930000e+00   3.4100000e+00   9.0200000e-01
  -8.0800000e-01   3.7280000e+00   3.4440000e+00
  -1.2270000e+00   2.8430000e+00   3.4140000e+00
   1.8100000e-01   4.0460000e+00   4.5110000e+00
  -2.0200000e-01   5.3490000e+00   5.2130000e+00
   2.3900000e-01   3.2380000e+00   5.2220000e+00
  -9.4400000e-01   5.2550000e+00   6.2790000e+00
  -1.2320000e+00   4.3740000e+00   6.5970000e+00
  -1.3560000e+00   6.4860000e+00   7.0130000e+00
  -1.4400000e-01   7.3920000e+00   7.2460000e+00
  -2.1220000e+00   7.0120000e+00   6.4660000e+00
  -3.5200000e-01   8.5340000e+00   7.8420000e+00
  -1.2570000e+00   8.7820000e+00   8.1220000e+00
   7.8800000e-01   9.4590000e+00   8.0980000e+00
   1.5540000e+00   9.0180000e+00   9.3460000e+00
   1.4450000e+00   9.4930000e+00   7.2440000e+00
   1.9960000e+00   7.7910000e+00   9.3770000e+00
   1.8370000e+00   7.1980000e+00   8.6270000e+00
   2.7490000e+00   7.2970000e+00   1.0551000e+01
   3.8190000e+00   6.2990000e+00   1.0104000e+01
   3.1920000e+00   8.1180000e+00   1.1071000e+01
   5.0140000e+00   6.7640000e+00   9.8630000e+00
   5.1990000e+00   7.7210000e+00   9.9710000e+00
   6.0970000e+00   5.8410000e+00   9.4210000e+00
   6.4470000e+00   4.8810000e+00   1.0559000e+01
   5.7610000e+00   5.2770000e+00   8.5630000e+00
   5.4860000e+00   4.1410000e+00   1.1041000e+01
   4.5800000e+00   4.2130000e+00   1.0673000e+01
   5.7680000e+00   3.1870000e+00   1.2153000e+01
   6.3030000e+00   1.8650000e+00   1.1593000e+01
   6.4780000e+00   3.6160000e+00   1.2842000e+01
