   0.0000000e+00
  -2.7663455e+00
   1.2624686e+00
  -1.2552387e+00
  -1.2782138e+00
   1.0710800e+00
  -2.0926455e+00
  -1.4358357e+00
  -2.8673793e+00
   2.8835813e+00
  -1.3200607e+00
  -1.4522356e+00
  -1.2865904e+00
   3.0058364e+00
  -2.3853430e+00
  -1.4813264e+00
  -1.6617456e+00
  -2.3647684e+00
  -1.1232627e+00
  -1.2341049e+00
  -1.2426945e+00
  -8.9168886e-01
  -1.0822022e+00
  -1.3473225e+00
  -1.1686416e+00
  -1.0672279e+00
  -1.4038736e+00
  -1.2967381e+00
  -1.8309499e+00
   9.5983527e-01
  -1.0909491e+00
   8.4396421e-01
  -1.4660485e+00
  -2.7656636e+00
  -2.0697615e+00
