   1.3015843e+00
  -2.9874190e+00
  -1.2015789e+00
  -5.5904294e-01
   1.9870524e+00
   1.4355810e+00
   4.5705480e-01
   1.7481015e+00
  -8.9955108e-01
  -7.5979059e-01
  -3.8144389e-01
  -5.3914692e-01
   2.1905659e+00
  -8.2006032e-01
  -8.6760996e-01
  -3.0660774e-01
   8.3455705e-01
  -9.4707023e-01
  -9.1453695e-01
  -6.4431388e-01
  -1.1785545e+00
  -6.0124989e-01
  -9.9485964e-01
  -4.3723230e-01
  -3.4072631e-01
  -3.7031983e-01
  -4.8347252e-01
  -4.7996601e-01
  -4.6058744e-01
  -1.3983018e+00
  -1.1272849e+00
   1.1290129e+00
   1.2697255e+00
  -2.6597138e+00
   0.0000000e+00
