  -2.2388000e+01   2.0390000e+00   4.2600000e-01
  -2.3402000e+01   9.4100000e-01  -3.7800000e-01
  -2.2896000e+01   2.3630000e+00  -1.1600000e+00
  -2.2615000e+01   1.6130000e+00  -4.9500000e-01
  -2.1411000e+01   8.9100000e-01  -1.0220000e+00
  -2.1062000e+01   1.9700000e-01  -2.7100000e-01
  -2.0293000e+01   1.9140000e+00  -1.3150000e+00
  -1.9635000e+01   2.3800000e+00  -2.7200000e-01
  -1.9875000e+01   2.0660000e+00   6.2700000e-01
  -1.8534000e+01   3.3980000e+00  -4.1700000e-01
  -1.7664000e+01   3.4160000e+00   8.6000000e-01
  -1.7905000e+01   3.1110000e+00  -1.2490000e+00
  -1.6648000e+01   4.2840000e+00   9.1000000e-01
  -1.6491000e+01   4.8750000e+00   1.4300000e-01
  -1.5697000e+01   4.3690000e+00   2.0920000e+00
  -1.4788000e+01   3.1330000e+00   2.0460000e+00
  -1.5082000e+01   5.2230000e+00   1.9650000e+00
  -1.5334000e+01   1.9940000e+00   2.3790000e+00
  -1.6272000e+01   1.9920000e+00   2.6330000e+00
  -1.4582000e+01   7.0200000e-01   2.2990000e+00
  -1.4571000e+01   2.4100000e-01   8.2500000e-01
  -1.3565000e+01   8.6000000e-01   2.6310000e+00
  -1.5640000e+01   5.2100000e-01   6.7000000e-02
  -1.6401000e+01   1.0060000e+00   4.5400000e-01
  -1.5678000e+01   1.4500000e-01  -1.3830000e+00
  -1.4681000e+01   1.0540000e+00  -2.1170000e+00
  -1.5377000e+01  -8.8900000e-01  -1.4970000e+00
  -1.3560000e+01   4.8900000e-01  -2.5510000e+00
  -1.3416000e+01  -4.6800000e-01  -2.3870000e+00
  -1.2472000e+01   1.2750000e+00  -3.2300000e+00
  -1.1845000e+01   2.2390000e+00  -2.1970000e+00
  -1.1709000e+01   5.8200000e-01  -3.5600000e+00
  -1.0839000e+01   1.7650000e+00  -1.4940000e+00
  -1.0535000e+01   8.4800000e-01  -1.6570000e+00
  -1.0153000e+01   2.5950000e+00  -4.3500000e-01
  -8.6460000e+00   2.8000000e+00  -7.5600000e-01
  -1.0626000e+01   3.5650000e+00  -3.9300000e-01
  -8.2050000e+00   2.5430000e+00  -1.9820000e+00
  -8.8270000e+00   2.2310000e+00  -2.6730000e+00
  -6.7510000e+00   2.7170000e+00  -2.3240000e+00
  -6.4520000e+00   4.1990000e+00  -2.6120000e+00
  -6.1550000e+00   2.4000000e+00  -1.4800000e+00
  -5.9200000e+00   4.9030000e+00  -1.6230000e+00
  -5.7410000e+00   4.4650000e+00  -7.6300000e-01
  -5.5900000e+00   6.3670000e+00  -1.7960000e+00
  -4.5270000e+00   6.8260000e+00  -7.6900000e-01
  -5.1770000e+00   6.5020000e+00  -2.7850000e+00
  -4.6770000e+00   6.4850000e+00   5.0500000e-01
  -5.4500000e+00   5.9500000e+00   7.7800000e-01
  -3.6690000e+00   6.9070000e+00   1.5430000e+00
  -4.2890000e+00   6.8590000e+00   2.9490000e+00
  -2.8230000e+00   6.2320000e+00   1.5050000e+00
  -5.5160000e+00   7.3530000e+00   3.1220000e+00
  -5.9970000e+00   7.7370000e+00   2.3590000e+00
  -6.1860000e+00   7.2980000e+00   4.4820000e+00
  -6.5040000e+00   5.8420000e+00   4.8840000e+00
  -5.4920000e+00   7.6710000e+00   5.2040000e+00
  -6.5660000e+00   4.9470000e+00   3.9220000e+00
  -6.3990000e+00   5.2240000e+00   3.0020000e+00
  -6.7760000e+00   3.4950000e+00   4.2180000e+00
  -5.4040000e+00   2.8850000e+00   4.5600000e+00
  -7.4160000e+00   3.3980000e+00   5.0600000e+00
  -4.3580000e+00   3.4570000e+00   3.9990000e+00
  -4.4980000e+00   4.2120000e+00   3.4110000e+00
  -2.9750000e+00   2.9980000e+00   4.2640000e+00
  -2.5770000e+00   3.3700000e+00   5.6690000e+00
  -2.9390000e+00   1.9290000e+00   4.1690000e+00
  -2.1500000e+00   2.3810000e+00   6.4030000e+00
  -2.1030000e+00   1.4740000e+00   5.9880000e+00
  -1.7350000e+00   2.6130000e+00   7.8400000e+00
  -1.2280000e+00   1.3130000e+00   8.4910000e+00
  -9.4300000e-01   3.3490000e+00   7.8600000e+00
  -1.9660000e+00   2.2000000e-01   8.3690000e+00
  -2.8140000e+00   2.5900000e-01   7.8760000e+00
  -1.5270000e+00  -1.0750000e+00   8.9950000e+00
  -1.7560000e+00  -2.2590000e+00   8.0310000e+00
  -4.7300000e-01  -1.0170000e+00   9.2270000e+00
  -2.9620000e+00  -2.4190000e+00   7.5040000e+00
  -3.6750000e+00  -1.7920000e+00   7.7220000e+00
  -3.2500000e+00  -3.5620000e+00   6.5720000e+00
  -2.8960000e+00  -3.2180000e+00   5.1280000e+00
  -2.6420000e+00  -4.3800000e+00   6.8590000e+00
  -2.8910000e+00  -1.9520000e+00   4.7760000e+00
  -3.0990000e+00  -1.2640000e+00   5.4220000e+00
  -2.5020000e+00  -1.5490000e+00   3.4120000e+00
  -1.0380000e+00  -1.0670000e+00   3.4860000e+00
  -2.5630000e+00  -2.4010000e+00   2.7610000e+00
  -2.0400000e-01  -1.8550000e+00   4.1330000e+00
  -5.4000000e-01  -2.6840000e+00   4.5240000e+00
   1.2440000e+00  -1.5150000e+00   4.3070000e+00
   2.0610000e+00  -2.7750000e+00   4.0860000e+00
   1.5350000e+00  -7.7300000e-01   3.6120000e+00
   1.7750000e+00  -3.7650000e+00   4.8720000e+00
   1.0770000e+00  -3.6220000e+00   5.5270000e+00
   2.4850000e+00  -5.0880000e+00   4.8160000e+00
   2.3040000e+00  -5.7290000e+00   3.4290000e+00
   3.5210000e+00  -4.8980000e+00   4.9350000e+00
   1.0850000e+00  -5.9550000e+00   3.0330000e+00
   3.5500000e-01  -5.7080000e+00   3.6190000e+00
   8.0100000e-01  -6.5230000e+00   1.6640000e+00
   1.0180000e+00  -5.4330000e+00   5.9700000e-01
   1.4820000e+00  -7.3140000e+00   1.4760000e+00
   8.7200000e-01  -4.1900000e+00   9.9600000e-01
   6.4000000e-01  -4.0280000e+00   1.9240000e+00
   1.0770000e+00  -3.0220000e+00   9.2000000e-02
   2.5700000e+00  -2.9270000e+00  -2.6800000e-01
   4.8200000e-01  -3.1360000e+00  -8.0400000e-01
   3.4010000e+00  -2.6520000e+00   7.2900000e-01
   3.0230000e+00  -2.5290000e+00   1.6220000e+00
   4.8950000e+00  -2.5710000e+00   5.6500000e-01
   5.4290000e+00  -3.8600000e+00  -1.0700000e-01
   5.1240000e+00  -1.7280000e+00  -6.6000000e-02
   4.7240000e+00  -4.9790000e+00   5.6000000e-02
   3.8950000e+00  -4.9490000e+00   5.9400000e-01
   5.1520000e+00  -6.2760000e+00  -5.8000000e-01
   5.1380000e+00  -6.1100000e+00  -2.1140000e+00
   6.1560000e+00  -6.5190000e+00  -2.5700000e-01
   4.0030000e+00  -5.7260000e+00  -2.6880000e+00
   3.2100000e+00  -5.5550000e+00  -2.1320000e+00
   3.9310000e+00  -5.4970000e+00  -4.1760000e+00
   4.6490000e+00  -4.1880000e+00  -4.5430000e+00
   4.4350000e+00  -6.2900000e+00  -4.6630000e+00
   4.6390000e+00  -3.2310000e+00  -3.6410000e+00
   4.1870000e+00  -3.3930000e+00  -2.7960000e+00
   5.3380000e+00  -1.9190000e+00  -3.8690000e+00
   6.8670000e+00  -2.1090000e+00  -3.9190000e+00
   5.0280000e+00  -1.5370000e+00  -4.8030000e+00
   7.3680000e+00  -3.2040000e+00  -3.3740000e+00
   6.7610000e+00  -3.8460000e+00  -2.9680000e+00
   8.8380000e+00  -3.5050000e+00  -3.4120000e+00
   9.2570000e+00  -3.8010000e+00  -4.8650000e+00
   9.3850000e+00  -2.6450000e+00  -3.0530000e+00
   8.3600000e+00  -4.3470000e+00  -5.6810000e+00
   7.4600000e+00  -4.5530000e+00  -5.3490000e+00
   8.6870000e+00  -4.6220000e+00  -7.1250000e+00
   8.7220000e+00  -3.3050000e+00  -7.9250000e+00
   9.6520000e+00  -5.0690000e+00  -7.1800000e+00
   8.0200000e+00  -2.2910000e+00  -7.4590000e+00
   7.5150000e+00  -2.4140000e+00  -6.6400000e+00
   8.0150000e+00  -9.4400000e-01  -8.1400000e+00
   9.3560000e+00  -2.0500000e-01  -7.9090000e+00
   7.8940000e+00  -1.0930000e+00  -9.1840000e+00
   1.0068000e+01  -5.6500000e-01  -6.8650000e+00
   9.7190000e+00  -1.2650000e+00  -6.2920000e+00
   1.1408000e+01   7.0000000e-02  -6.5310000e+00
   1.2568000e+01  -9.3900000e-01  -6.6940000e+00
   1.1578000e+01   8.7000000e-01  -7.2090000e+00
   1.2255000e+01  -2.2240000e+00  -6.5890000e+00
   1.1330000e+01  -2.4370000e+00  -6.4110000e+00
   1.3226000e+01  -3.3840000e+00  -6.7600000e+00
   1.4535000e+01  -3.1710000e+00  -5.9650000e+00
   1.2743000e+01  -4.2520000e+00  -6.3290000e+00
   1.5527000e+01  -2.4870000e+00  -6.5200000e+00
   1.5418000e+01  -2.1220000e+00  -7.4240000e+00
   1.6809000e+01  -2.2440000e+00  -5.7750000e+00
   1.6528000e+01  -1.2500000e+00  -4.6240000e+00
   1.7157000e+01  -3.1790000e+00  -5.3550000e+00
   1.6304000e+01   2.6000000e-02  -4.9400000e+00
   1.6331000e+01   3.0100000e-01  -5.8760000e+00
   1.6006000e+01   1.0690000e+00  -3.9030000e+00
   1.7133000e+01   1.1390000e+00  -2.8500000e+00
   1.5949000e+01   2.0290000e+00  -4.3970000e+00
   1.8257000e+01   1.7080000e+00  -3.2260000e+00
   1.8335000e+01   2.0540000e+00  -4.1400000e+00
   1.9403000e+01   1.8550000e+00  -2.2520000e+00
   1.9282000e+01   3.2300000e+00  -1.5590000e+00
   1.9307000e+01   1.0870000e+00  -1.4930000e+00
   1.8273000e+01   3.3650000e+00  -7.2500000e-01
   1.7672000e+01   2.6120000e+00  -5.8700000e-01
   1.8009000e+01   4.6440000e+00   8.0000000e-03
   1.7086000e+01   4.3460000e+00   1.2240000e+00
   1.8941000e+01   5.0580000e+00   3.6400000e-01
   1.6204000e+01   5.2610000e+00   1.5870000e+00
   1.6151000e+01   6.0950000e+00   1.0890000e+00
   1.5274000e+01   5.0400000e+00   2.7550000e+00
   1.3803000e+01   5.2550000e+00   2.3250000e+00
   1.5384000e+01   4.0190000e+00   3.0960000e+00
