2	1	1.6989879340360245	1.6989879340360245
3	1	1.6954023121371520	1.6954023121371520
3	2	1.6989964685072185	1.6989964685072185
4	1	1.0388387747865400	1.0388387747865400
4	2	1.0412271606138597	1.0412271606138597
4	3	1.0396975521756313	1.0396975521756313
5	1	2.0826956090605266	2.0826956090605266
5	2	2.0842890874348501	2.0842890874348501
5	3	2.0825335531510651	2.0825335531510651
5	4	1.4908698803047837	1.4908698803047837
6	1	2.0611509595542050	2.5611509595542050
6	2	2.6718668313753904	3.1718668313753904
6	3	2.4369013065205856	2.9369013065205856
6	4	2.1108685416197761	2.1108685416197761
6	5	1.0788340928984401	1.0788340928984401
7	4	2.4622126228252510	2.4622126228252510
7	5	1.5247380102824222	1.5247380102824222
7	6	2.1426919983982766	2.1426919983982766
8	4	2.6197083445308169	2.7948927082401047
8	5	2.4258493357997311	2.4258493357997311
8	7	1.3296845490566542	1.3296845490566542
9	1	2.5338212978631725	3.0338212978631725
9	2	1.0339721236029957	1.5339721236029957
9	3	2.6783170352802848	3.1783170352802848
9	5	2.5376589605382351	2.5376589605382351
9	6	3.1298879712133196	3.6298879712133196
9	7	2.0024317716216942	2.0024317716216942
9	8	0.9802775117281842	0.9802775117281842
10	5	3.8031239790466995	3.8031239790466995
10	7	2.4314222175508724	2.4314222175508724
10	8	1.4599674653909249	1.4599674653909249
10	9	2.1203266257819813	2.1203266257819813
11	7	3.5911097360169455	3.7064016120480452
11	8	2.4473244574432709	2.4473244574432709
11	10	1.5199164450718980	1.5199164450718980
12	1	4.7135272005624680	5.0000000000000000
12	2	3.7608859073721153	4.2608859073721153
12	6	4.2473450313497665	4.7473450313497665
12	8	2.0772168880499700	2.0772168880499700
12	9	2.6398795702290969	3.1398795702290969
12	10	1.0786783579918529	1.0786783579918529
12	11	2.1274635132006372	2.1274635132006372
13	8	2.9218872349118299	3.2764469944299774
13	10	2.4200894611563428	2.4200894611563428
13	11	1.3269894498450245	1.3269894498450245
14	2	3.7762912940231148	4.2762912940231148
14	9	2.5851540759900709	3.0851540759900709
14	10	2.5361042959626090	2.5361042959626090
14	11	2.0011709072440560	2.0011709072440560
14	12	3.1739259874903119	3.6739259874903119
14	13	0.9792783056925126	0.9792783056925126
15	10	3.7875519798413322	3.7875519798413322
15	11	2.4176840157473021	2.4176840157473021
15	13	1.4533647167865331	1.4533647167865331
15	14	2.1162072204772375	2.1162072204772375
16	11	2.7959811125326954	3.1154709402920036
16	13	2.4405060950548760	2.4405060950548760
16	15	1.5240265745714541	1.5240265745714541
17	9	4.6854324572907027	5.0000000000000000
17	12	4.4546492872112582	4.9546492872112582
17	13	2.0657465962697361	2.0657465962697361
17	14	2.5523429974731093	3.0523429974731093
17	15	1.0792034099278971	1.0792034099278971
17	16	2.1315733625657831	2.1315733625657831
18	13	2.6195732894155079	2.7979111924700986
18	15	2.4244993297586208	2.4244993297586208
18	16	1.3283388122011643	1.3283388122011643
19	1	3.8256818582750673	4.3256818582750673
19	2	2.7281168255708801	3.2281168255708801
19	3	4.1595862498019658	4.6595862498019658
19	9	2.1377743611169198	2.6377743611169198
19	12	4.0533636928342673	4.5533636928342673
19	14	2.5258954472860387	3.0258954472860387
19	15	2.5396757667072385	2.5396757667072385
19	16	2.0026542387541579	2.0026542387541579
19	17	3.2254004584912854	3.7254004584912854
19	18	0.9795202907546113	0.9795202907546113
20	15	3.7948824751235710	3.7948824751235710
20	16	2.4213500366531062	2.4213500366531062
20	18	1.4561387296545614	1.4561387296545614
20	19	2.1187902208571754	2.1187902208571754
21	16	2.7840779062944954	3.1033024359302681
21	18	2.4345568385231835	2.4345568385231835
21	20	1.5224647779177025	1.5224647779177025
22	2	4.6214579466434280	5.0000000000000000
22	9	4.6433314722274286	5.0000000000000000
22	17	4.6685723582169469	5.0000000000000000
22	18	2.0758010501972488	2.0758010501972488
22	19	2.5353713724955713	3.0353713724955713
22	20	1.0791468852755868	1.0791468852755868
22	21	2.1332100224778618	2.1332100224778618
23	18	2.6318316560245418	2.8895662811185256
23	20	2.4181782399153295	2.4181782399153295
23	21	1.3290857760129704	1.3290857760129704
24	1	4.0378507036129188	4.5378507036129188
24	2	3.7005843353940215	4.2005843353940211
24	9	3.1751544837888366	3.6751544837888366
24	12	3.6907842597462230	4.1907842597462235
24	14	4.1459032310184982	4.6459032310184982
24	17	3.7061835998221739	4.2061835998221735
24	19	2.4570368360539443	2.9570368360539443
24	20	2.5265804954523019	2.5265804954523019
24	21	2.0022752058595734	2.0022752058595734
24	22	3.2308252406801432	3.7308252406801432
24	23	0.9816216175288721	0.9816216175288721
25	20	3.7935975010535845	3.7935975010535845
25	21	2.4283197894840787	2.4283197894840787
25	23	1.4561902348251070	1.4561902348251070
25	24	2.1179657693173417	2.1179657693173417
26	21	3.0504341571012552	3.3966183043398788
26	23	2.4324362273243669	2.4324362273243669
26	25	1.5231106328825887	1.5231106328825887
27	22	4.4880358375334284	4.9880358375334284
27	23	2.0798894201375226	2.0798894201375226
27	24	2.6787292021622426	3.1787292021622426
27	25	1.0801305476654197	1.0801305476654197
27	26	2.1357392162902289	2.1357392162902289
28	23	2.5824650290926727	2.6957242783875657
28	25	2.4118134256198180	2.4118134256198180
28	26	1.3281618877230290	1.3281618877230290
29	12	4.5333323483281660	5.0000000000000000
29	14	4.4817957829944204	4.9817957829944204
29	17	2.6442207979688064	3.1442207979688064
29	19	3.3390480206472799	3.8390480206472799
29	22	3.7871147601209811	4.2871147601209811
29	24	2.0516757652251849	2.5516757652251849
29	25	2.5113623792674766	2.5113623792674766
29	26	1.9975307256710724	1.9975307256710724
29	27	3.1005599898504599	3.6005599898504599
29	28	0.9800923425881876	0.9800923425881876
30	25	3.7931207468257582	3.7931207468257582
30	26	2.4342988723655115	2.4342988723655115
30	28	1.4566636536963498	1.4566636536963498
30	29	2.1144800779387825	2.1144800779387825
31	26	3.0143962150038801	3.3592179128874138
31	28	2.4413416393450547	2.4413416393450547
31	30	1.5228887024336351	1.5228887024336351
32	17	4.2453086414120662	4.7453086414120662
32	24	4.6276998726989458	5.0000000000000000
32	27	4.4679099636096433	4.9679099636096433
32	28	2.0809663620539376	2.0809663620539376
32	29	2.6837976811112911	3.1837976811112911
32	30	1.0788401179044096	1.0788401179044096
32	31	2.1389871434863745	2.1389871434863745
33	28	2.6415365643583266	2.9022101377405614
33	30	2.4160724326890537	2.4160724326890537
33	31	1.3281498409441612	1.3281498409441612
34	17	3.1626903678652578	3.6626903678652578
34	19	4.1522896704065699	4.6522896704065699
34	22	3.2921474728728928	3.7921474728728928
34	24	3.7213427851044045	4.2213427851044045
34	27	4.2201122572281493	4.7201122572281493
34	29	2.0101220207822488	2.5101220207822488
34	30	2.5228392735170431	2.5228392735170431
34	31	2.0009727634328258	2.0009727634328258
34	32	3.2670601814632239	3.7670601814632239
34	33	0.9812410509146058	0.9812410509146058
35	30	3.7915719695134364	3.7915719695134364
35	31	2.4265963817660325	2.4265963817660325
35	33	1.4560357138477060	1.4560357138477060
35	34	2.1184140294097373	2.1184140294097373
36	31	2.8958412641492290	3.2367633444001327
36	33	2.4475722665531241	2.4475722665531241
36	35	1.5273958229614222	1.5273958229614222
37	29	4.6357181718152898	5.0000000000000000
37	32	4.6222580053134852	5.0000000000000000
37	33	2.0704052743364039	2.0704052743364039
37	34	2.7137978052589999	3.2137978052589999
37	35	1.0795211901579329	1.0795211901579329
37	36	2.1388945743070180	2.1388945743070180
38	33	2.6275892406426928	2.8048360487449489
38	35	2.4292461793733464	2.4292461793733464
38	36	1.3309098391701821	1.3309098391701821
39	22	4.0684523695582069	4.5684523695582069
39	24	4.5352156184146359	5.0000000000000000
39	27	3.1953496458851474	3.6953496458851474
39	29	3.2056118853600148	3.7056118853600148
39	32	3.8723991968924381	4.3723991968924381
39	34	2.2473693819353033	2.7473693819353033
39	35	2.5420940187176400	2.5420940187176400
39	36	2.0045513213684503	2.0045513213684503
39	37	3.3147125123117092	3.8147125123117092
39	38	0.9804473468779443	0.9804473468779443
40	35	3.8051140587372676	3.8051140587372676
40	36	2.4303935895241331	2.4303935895241331
40	38	1.4593991914483166	1.4593991914483166
40	39	2.1203931239277307	2.1203931239277307
41	36	3.0006464769517773	3.3478332801710642
41	38	2.4558806974281144	2.4558806974281144
41	40	1.5265379130568622	1.5265379130568622
42	37	4.5723309549581685	5.0000000000000000
42	38	2.0776337502071920	2.0776337502071920
42	39	2.6274981450122006	3.1274981450122006
42	40	1.0788753403428963	1.0788753403428963
42	41	2.1362935191588259	2.1362935191588259
43	38	2.6336052329833923	2.7294250719540285
43	40	2.4262058857401199	2.4262058857401199
43	41	1.3284942604317116	1.3284942604317116
44	27	4.3181291708188629	4.8181291708188629
44	29	4.5015161871436495	5.0000000000000000
44	32	3.2072652811203994	3.7072652811203994
44	34	3.7214074155686783	4.2214074155686783
44	37	3.6237944864549383	4.1237944864549387
44	39	2.1503626943270140	2.6503626943270140
44	40	2.5376378780275175	2.5376378780275175
44	41	2.0016258391617550	2.0016258391617550
44	42	3.2446969777470525	3.7446969777470525
44	43	0.9803167855341457	0.9803167855341457
45	40	3.8008403018280048	3.8008403018280048
45	41	2.4280043245431009	2.4280043245431009
45	43	1.4565452275847803	1.4565452275847803
45	44	2.1164368641658085	2.1164368641658085
46	41	2.9839538102523990	3.3333250875376548
46	43	2.4431997462344333	2.4431997462344333
46	45	1.5275997512437609	1.5275997512437609
47	42	4.4258923878609089	4.9258923878609089
47	43	2.0750937328226886	2.0750937328226886
47	44	2.6428573155994588	3.1428573155994588
47	45	1.0800305551233262	1.0800305551233262
47	46	2.1337298329451175	2.1337298329451175
48	43	2.6659717710429858	2.9486691838121044
48	45	2.4198663186217542	2.4198663186217542
48	46	1.3256402226848731	1.3256402226848731
49	32	3.9619650220682647	4.4619650220682647
49	34	4.6174153822150421	5.0000000000000000
49	37	3.1667639364287923	3.6667639364287923
49	39	3.8754712428285680	4.3754712428285680
49	42	4.3618163719354808	4.8618163719354808
49	44	2.1028761941470160	2.6028761941470160
49	45	2.5244137933389603	2.5244137933389603
49	46	1.9968344948943566	1.9968344948943566
49	47	3.2298749186121665	3.7298749186121665
49	48	0.9798908102436721	0.9798908102436721
50	45	3.7983915016754133	3.7983915016754133
50	46	2.4273724477302614	2.4273724477302614
50	48	1.4588608569702595	1.4588608569702595
50	49	2.1203445474733580	2.1203445474733580
51	46	2.9698562958809256	3.3147546765527132
51	48	2.4541332482161597	2.4541332482161597
51	50	1.5257276952326715	1.5257276952326715
52	47	4.5018596867893610	5.0000000000000000
52	48	2.0752286620996734	2.0752286620996734
52	49	2.6344799941081867	3.1344799941081867
52	50	1.0777147117860089	1.0777147117860089
52	51	2.1343837518122180	2.1343837518122180
53	48	2.6273171755582743	2.7676512698034901
53	50	2.4221471879305767	2.4221471879305767
53	51	1.3272301985714461	1.3272301985714461
54	37	3.8942331976747253	4.3942331976747253
54	39	4.4091010572345430	4.9091010572345430
54	42	3.3088329903235243	3.8088329903235243
54	44	3.1975106026821756	3.6975106026821756
54	47	3.8709571784364414	4.3709571784364414
54	49	2.2272815246227404	2.7272815246227404
54	50	2.5294272078871929	2.5294272078871929
54	51	1.9980763248684974	1.9980763248684974
54	52	3.2618955323777077	3.7618955323777077
54	53	0.9791675035457417	0.9791675035457417
55	50	3.7996476152401293	3.7996476152401293
55	51	2.4282143645073839	2.4282143645073839
55	53	1.4595167008294219	1.4595167008294219
55	54	2.1209059385083533	2.1209059385083533
56	51	2.9354931755585372	3.2792834446812180
56	53	2.4530264980223917	2.4530264980223917
56	55	1.5257332663345844	1.5257332663345844
57	52	4.5078391477968154	5.0000000000000000
57	53	2.0773543270227157	2.0773543270227157
57	54	2.6073351333491992	3.1073351333491992
57	55	1.0779276413563206	1.0779276413563206
57	56	2.1351295042690035	2.1351295042690035
58	53	2.6968927629849606	2.9862483927727954
58	55	2.4244498344985401	2.4244498344985401
58	56	1.3283437055220306	1.3283437055220306
59	52	3.4153540680067036	3.9153540680067036
59	54	3.2121529848723465	3.7121529848723465
59	55	2.5349009842595431	2.5349009842595431
59	56	2.0010349822029596	2.0010349822029596
59	57	2.3506406036721041	2.8506406036721041
59	58	0.9801744742646589	0.9801744742646589
60	55	3.8003691925916883	3.8003691925916883
60	56	2.4285505965493082	2.4285505965493082
60	58	1.4579811384239509	1.4579811384239509
60	59	2.1184997049799184	2.1184997049799184
61	56	3.6679755635138043	3.7100244526114401
61	58	2.4519239384613871	2.4519239384613871
61	60	1.5243929939487391	1.5243929939487391
62	57	4.1211627479365500	4.6211627479365500
62	58	2.0771966685896643	2.0771966685896643
62	59	2.6157457925911447	3.1157457925911447
62	60	1.0801050874799172	1.0801050874799172
62	61	2.1363073280780553	2.1363073280780553
63	58	2.9842718831517918	3.3364147002750992
63	60	2.4237881508085644	2.4237881508085644
63	61	1.3290902903866237	1.3290902903866237
64	52	4.2356073670509957	4.7356073670509957
64	59	2.9634040843536669	3.4634040843536669
64	60	2.5330025661258220	2.5330025661258220
64	61	2.0004394517205459	2.0004394517205459
64	62	3.2543262406034938	3.7543262406034938
64	63	0.9797280234840686	0.9797280234840686
65	60	3.8021758244457868	3.8021758244457868
65	61	2.4323653097345388	2.4323653097345388
65	63	1.4597246315658303	1.4597246315658303
65	64	2.1192703933193608	2.1192703933193608
66	61	2.8236135189171070	3.1331253977502258
66	63	2.4579540272348468	2.4579540272348468
66	65	1.5253766747921651	1.5253766747921651
67	59	4.6358286403798177	5.0000000000000000
67	63	2.0767188061940405	2.0767188061940405
67	64	2.1507110143835066	2.6507110143835066
67	65	1.0788257505269327	1.0788257505269327
67	66	2.1351002318392460	2.1351002318392460
68	63	2.6403763989796318	2.6833392011608521
68	65	2.4279946457931083	2.4279946457931083
68	66	1.3296683797097679	1.3296683797097679
69	59	4.4490068284213109	4.9490068284213109
69	62	2.8324430332562724	3.3324430332562724
69	64	2.5883477136027651	3.0883477136027651
69	65	2.5415619213389236	2.5415619213389236
69	66	2.0031203159071600	2.0031203159071600
69	67	2.9654618640120027	3.4654618640120027
69	68	0.9804738650264986	0.9804738650264986
70	65	3.8021646466190817	3.8021646466190817
70	66	2.4283339967969808	2.4283339967969808
70	68	1.4579526741290338	1.4579526741290338
70	69	2.1191906473934816	2.1191906473934816
71	66	3.6433286638829983	3.7126719761564941
71	68	2.4542471350701422	2.4542471350701422
71	70	1.5253258668232177	1.5253258668232177
72	67	4.2198479259489723	4.7198479259489723
72	68	2.0766022729449176	2.0766022729449176
72	69	2.6609965759266472	3.1609965759266472
72	70	1.0791306686402713	1.0791306686402713
72	71	2.1350203746100411	2.1350203746100411
73	68	2.9697078689797904	3.3224040157934858
73	70	2.4264822274230653	2.4264822274230653
73	71	1.3302672663792041	1.3302672663792041
74	69	3.3302692897011901	3.8302692897011901
74	70	2.5346309396044227	2.5346309396044227
74	71	2.0005651701456766	2.0005651701456766
74	72	1.9339380531726986	2.4339380531726986
74	73	0.9797418027215128	0.9797418027215128
75	70	3.8037173922361793	3.8037173922361793
75	71	2.4325856613899535	2.4325856613899535
75	73	1.4588975289580823	1.4588975289580823
75	74	2.1195556138021008	2.1195556138021008
76	71	3.5051413150174331	3.6919988871331939
76	73	2.4497056966092878	2.4497056966092878
76	75	1.5266315862053952	1.5266315862053952
77	69	4.5458681892882220	5.0000000000000000
77	72	4.2022860479784283	4.7022860479784283
77	73	2.0790163539520319	2.0790163539520319
77	74	2.8154302246802523	3.3154302246802523
77	75	1.0804244536292213	1.0804244536292213
77	76	2.1353774841933686	2.1353774841933686
