  -1.1690000e+01   4.5760000e+00   2.6300000e-01
  -1.1754000e+01   3.4840000e+00  -1.0370000e+00
  -1.2882000e+01   4.7500000e+00  -9.3000000e-01
  -1.2321000e+01   4.0650000e+00  -3.8500000e-01
  -1.3235000e+01   3.1860000e+00   3.9900000e-01
  -1.3302000e+01   3.5510000e+00   1.4120000e+00
  -1.2690000e+01   1.7620000e+00   4.0400000e-01
  -1.1733000e+01   1.4960000e+00  -4.8000000e-01
  -1.1425000e+01   2.2040000e+00  -1.0840000e+00
  -1.1133000e+01   1.6800000e-01  -5.6900000e-01
  -9.7330000e+00   2.5700000e-01  -1.1540000e+00
  -1.1068000e+01  -2.5300000e-01   4.2200000e-01
  -9.6470000e+00   2.3400000e-01  -2.4780000e+00
  -1.0463000e+01   1.6500000e-01  -3.0150000e+00
  -8.3550000e+00   3.0300000e-01  -3.1400000e+00
  -7.6100000e+00   1.5590000e+00  -2.7040000e+00
  -7.7770000e+00  -5.6100000e-01  -2.8500000e+00
  -8.3620000e+00   2.5910000e+00  -2.3380000e+00
  -9.3380000e+00   2.5110000e+00  -2.3600000e+00
  -7.7520000e+00   3.8350000e+00  -1.8900000e+00
  -6.8470000e+00   3.5600000e+00  -6.9700000e-01
  -7.1590000e+00   4.2450000e+00  -2.6930000e+00
  -7.2870000e+00   2.6500000e+00   1.6600000e-01
  -8.1480000e+00   2.2080000e+00   2.0000000e-03
  -6.5070000e+00   2.2810000e+00   1.3390000e+00
  -5.4860000e+00   1.2180000e+00   9.5500000e-01
  -5.9870000e+00   3.1520000e+00   1.7100000e+00
  -5.7090000e+00   6.0700000e-01  -2.0300000e-01
  -6.4930000e+00   8.6200000e-01  -7.3300000e-01
  -4.8170000e+00  -4.2700000e-01  -7.1000000e-01
  -3.6870000e+00   2.0600000e-01  -1.5110000e+00
  -4.4030000e+00  -9.8100000e-01   1.1800000e-01
  -4.0360000e+00   1.2150000e+00  -2.3010000e+00
  -4.9750000e+00   1.4980000e+00  -2.3330000e+00
  -3.0520000e+00   1.9050000e+00  -3.1230000e+00
  -2.1320000e+00   2.7520000e+00  -2.2460000e+00
  -2.4610000e+00   1.1670000e+00  -3.6440000e+00
  -2.6360000e+00   3.1550000e+00  -1.0820000e+00
  -3.5510000e+00   2.9010000e+00  -8.3800000e-01
  -1.8500000e+00   3.9720000e+00  -1.6300000e-01
  -8.7300000e-01   3.1050000e+00   6.2700000e-01
  -1.2920000e+00   4.7000000e+00  -7.3100000e-01
  -1.1510000e+00   1.8070000e+00   6.8000000e-01
  -1.9490000e+00   1.4660000e+00   2.2400000e-01
  -2.9300000e-01   8.7900000e-01   1.4040000e+00
   8.4600000e-01   4.1100000e-01   5.0000000e-01
   1.3100000e-01   1.3880000e+00   2.2570000e+00
   5.1500000e-01   1.4600000e-01  -7.5600000e-01
  -4.1600000e-01   2.5900000e-01  -1.0400000e+00
   1.5100000e+00  -3.0900000e-01  -1.7210000e+00
   2.3590000e+00   8.6100000e-01  -2.2090000e+00
   2.1520000e+00  -1.0320000e+00  -1.2450000e+00
   1.8330000e+00   2.0690000e+00  -2.0490000e+00
   9.4900000e-01   2.1560000e+00  -1.6370000e+00
   2.5490000e+00   3.2670000e+00  -2.4760000e+00
   3.7300000e+00   3.5420000e+00  -1.5500000e+00
   2.9170000e+00   3.1170000e+00  -3.4780000e+00
   4.5900000e+00   2.5430000e+00  -1.3860000e+00
   4.4360000e+00   1.6940000e+00  -1.8510000e+00
   5.7580000e+00   2.6850000e+00  -5.2500000e-01
   6.6490000e+00   1.4520000e+00  -6.2300000e-01
   6.3210000e+00   3.5520000e+00  -8.3800000e-01
   6.4260000e+00   4.9600000e-01   2.7300000e-01
   5.7190000e+00   6.1900000e-01   9.4000000e-01
   7.2120000e+00  -7.3400000e-01   2.8300000e-01
   8.6910000e+00  -4.3100000e-01   5.0100000e-01
   6.8620000e+00  -1.3650000e+00   1.0850000e+00
   9.0220000e+00   8.5300000e-01   6.0000000e-01
   8.3240000e+00   1.5380000e+00   5.3000000e-01
   1.0406000e+01   1.2600000e+00   8.1100000e-01
   1.0493000e+01   2.7610000e+00   1.0680000e+00
   1.0799000e+01   7.3500000e-01   1.6680000e+00
   1.0640000e+01   3.1320000e+00   2.3370000e+00
   1.0686000e+01   2.4450000e+00   3.0340000e+00
   1.0738000e+01   4.5390000e+00   2.7100000e+00
   1.1644000e+01   4.7010000e+00   3.9280000e+00
   1.1162000e+01   5.0930000e+00   1.8850000e+00
