2	1	1.6964462856217997	1.6964462856217997
3	1	1.6999241159534157	1.6999241159534157
3	2	1.7000876447995261	1.7000876447995261
4	1	1.0401336452591083	1.0401336452591083
4	2	1.0401124939159223	1.0401124939159223
4	3	1.0411628114757079	1.0411628114757079
5	1	2.0850232612611315	2.0850232612611315
5	2	2.0835440960056499	2.0835440960056499
5	3	2.0841118012237252	2.0841118012237252
5	4	1.4917754522715547	1.4917754522715547
6	1	2.1690296027397702	2.6690296027397702
6	2	2.2351943462124462	2.7351943462124462
6	3	2.7154334940187130	3.2154334940187130
6	4	2.1247809298843023	2.1247809298843023
6	5	1.0793979803575693	1.0793979803575693
7	4	2.4785378754418903	2.4785378754418903
7	5	1.5306848140619933	1.5306848140619933
7	6	2.1601796221610825	2.1601796221610825
8	4	3.3620538099383426	3.6136593642705161
8	5	2.4281435295303284	2.4281435295303284
8	7	1.3058793971879639	1.3058793971879639
9	1	3.5201977528690125	4.0201977528690129
9	2	4.2714332703809754	4.7714332703809754
9	3	3.8853036292801821	4.3853036292801821
9	5	2.5536291821640820	2.5536291821640820
9	6	2.0977315890604897	2.5977315890604897
9	7	1.9855079954510384	1.9855079954510384
9	8	0.9794871106859961	0.9794871106859961
10	5	3.8246450815729296	3.8246450815729296
10	7	2.4242025492932728	2.4242025492932728
10	8	1.4911274258090759	1.4911274258090759
10	9	2.1551394386442850	2.1551394386442850
11	7	3.4033221395607045	3.6458294387373411
11	8	2.4781880477477896	2.4781880477477896
11	10	1.5311084220263433	1.5311084220263433
12	1	4.7776248248110713	5.0000000000000000
12	3	4.4361907318284253	4.9361907318284253
12	6	4.2036019623568794	4.7036019623568794
12	8	2.1236861820899997	2.1236861820899997
12	9	2.7826855516057400	3.2826855516057400
12	10	1.0782383780964204	1.0782383780964204
12	11	2.1598636531040563	2.1598636531040563
13	8	3.1206104077562160	3.4530695838807186
13	10	2.4277697584408604	2.4277697584408604
13	11	1.3056167125155824	1.3056167125155824
14	9	3.6597130321706728	4.1597130321706732
14	10	2.5528315651448685	2.5528315651448685
14	11	1.9852848662093809	1.9852848662093809
14	12	1.9721230203242093	2.4721230203242093
14	13	0.9794585238793936	0.9794585238793936
15	10	3.8240478553490922	3.8240478553490922
15	11	2.4233491287885029	2.4233491287885029
15	13	1.4909466791270576	1.4909466791270576
15	14	2.1553071706835665	2.1553071706835665
16	11	2.8698371696969383	3.2014854787925606
16	13	2.4781892583093819	2.4781892583093819
16	15	1.5242650688118522	1.5242650688118522
17	9	4.3093767940381520	4.8093767940381520
17	12	4.4443913002867559	4.9443913002867559
17	13	2.1263297016220228	2.1263297016220228
17	14	2.6526677260365683	3.1526677260365683
17	15	1.0778654832584631	1.0778654832584631
17	16	2.1505176121110936	2.1505176121110936
18	13	3.5591570157082986	3.6715290829301801
18	15	2.4099589208117216	2.4099589208117216
18	16	1.3008251227586274	1.3008251227586274
19	14	4.2251721673769564	4.7251721673769564
19	15	2.5239294760353355	2.5239294760353355
19	16	1.9769238730917285	1.9769238730917285
19	17	2.5413370702513651	3.0413370702513651
19	18	0.9798908102436720	0.9798908102436720
20	15	3.8079103193221351	3.8079103193221351
20	16	2.4179224553322634	2.4179224553322634
20	18	1.4906766919758296	1.4906766919758296
20	19	2.1609342886816338	2.1609342886816338
21	16	3.5491041882439407	3.7087572417482582
21	18	2.4999569996301942	2.4999569996301942
21	20	1.5340528022203146	1.5340528022203146
22	17	4.2156444273304690	4.7156444273304690
22	18	2.1166430969816337	2.1166430969816337
22	19	2.6704488550057119	3.1704488550057119
22	20	1.0750297670297322	1.0750297670297322
22	21	2.1552881477890611	2.1552881477890611
23	18	2.7249312355738047	2.9303286979600243
23	20	2.4433039106914225	2.4433039106914225
23	21	1.3073737032692678	1.3073737032692678
24	17	4.3442739260749370	4.8442739260749370
24	19	1.6474238086397008	2.1474238086397008
24	20	2.5793311148435363	2.5793311148435363
24	21	1.9879811367314331	1.9879811367314331
24	22	3.2885263695574558	3.7885263695574558
24	23	0.9772333395868155	0.9772333395868155
25	20	3.8335546168014876	3.8335546168014876
25	21	2.4189338560613849	2.4189338560613849
25	23	1.4944413672004666	1.4944413672004666
25	24	2.1611149899993749	2.1611149899993749
26	21	3.5895225074486445	3.7192388953170261
26	23	2.5024228259828516	2.5024228259828516
26	25	1.5304231441010032	1.5304231441010032
27	19	4.1332166140495712	4.6332166140495712
27	22	4.3094852143694329	4.8094852143694329
27	23	2.1228457315594085	2.1228457315594085
27	24	2.7543435689787588	3.2543435689787588
27	25	1.0759223949709387	1.0759223949709387
27	26	2.1524576650889098	2.1524576650889098
28	23	3.0080353138272597	3.3509703493186209
28	25	2.4291657004000364	2.4291657004000364
28	26	1.3047823573301411	1.3047823573301411
29	19	4.2312255674869332	4.7312255674869332
29	24	3.3632994765100293	3.8632994765100293
29	25	2.5623350678629055	2.5623350678629055
29	26	1.9868985882525561	1.9868985882525561
29	27	2.1649754746210412	2.6649754746210412
29	28	0.9771637529094086	0.9771637529094086
30	25	3.8192422023223402	3.8192422023223402
30	26	2.4176368627235978	2.4176368627235978
30	28	1.4856059369832904	1.4856059369832904
30	29	2.1442747025509581	2.1442747025509581
31	26	2.8580541629764484	3.1961826187817457
31	28	2.4684867834363624	2.4684867834363624
31	30	1.5319706263502575	1.5319706263502575
32	24	4.1415566109017856	4.6415566109017856
32	27	4.3353159364848688	4.8353159364848688
32	28	2.1137523506787637	2.1137523506787637
32	29	2.6344975380708076	3.1344975380708076
32	30	1.0756737423587135	1.0756737423587135
32	31	2.1688941882904293	2.1688941882904293
33	28	3.1810275926285212	3.4970019406209620
33	30	2.4326551337992814	2.4326551337992814
33	31	1.3056649646827474	1.3056649646827474
34	29	4.0681870375697571	4.5681870375697571
34	30	2.5608063183302248	2.5608063183302248
34	31	1.9857847315356216	1.9857847315356216
34	32	2.0155888174566350	2.5155888174566350
34	33	0.9794968095915372	0.9794968095915372
35	30	3.8278125607192424	3.8278125607192424
35	31	2.4231023502939371	2.4231023502939371
35	33	1.4917995843946332	1.4917995843946332
35	34	2.1565310106743194	2.1565310106743194
36	31	3.0300558210773167	3.3761583773273141
36	33	2.4864062419484072	2.4864062419484072
36	35	1.5335103521006959	1.5335103521006959
37	32	4.1666851495631034	4.6666851495631034
37	33	2.1226563546650690	2.1226563546650690
37	34	2.7860945740718925	3.2860945740718925
37	35	1.0779063039058636	1.0779063039058636
37	36	2.1587260131846282	2.1587260131846282
38	33	3.2395679438224430	3.5423370191423458
38	35	2.4305610463430045	2.4305610463430045
38	36	1.3075247607598106	1.3075247607598106
39	34	4.3022755702410338	4.8022755702410338
39	35	2.5556903177028314	2.5556903177028314
39	36	1.9869295407739045	1.9869295407739045
39	37	1.9924829062965954	2.4924829062965954
39	38	0.9784405960506750	0.9784405960506750
40	35	3.8275441212349199	3.8275441212349199
40	36	2.4271543008222607	2.4271543008222607
40	38	1.4890013431827380	1.4890013431827380
40	39	2.1485965186604949	2.1485965186604949
41	36	2.8280890499231366	3.1447495804731482
41	38	2.4800945546490762	2.4800945546490762
41	40	1.5307854193191157	1.5307854193191157
42	37	4.1989931732458849	4.6989931732458849
42	38	2.1218072485501596	2.1218072485501596
42	39	2.5623052789057472	3.0623052789057472
42	40	1.0762903883246375	1.0762903883246375
42	41	2.1625699988670886	2.1625699988670886
43	38	3.1084241166285302	3.4419561208743952
43	40	2.4272754273052737	2.4272754273052737
43	41	1.3040713170682035	1.3040713170682035
44	39	4.1318313221557856	4.6318313221557856
44	40	2.5537934528853348	2.5537934528853348
44	41	1.9835122888452190	1.9835122888452190
44	42	1.8760529592991917	2.3760529592991917
44	43	0.9779780161128369	0.9779780161128369
45	40	3.8208989779893421	3.8208989779893421
45	41	2.4193133323321305	2.4193133323321305
45	43	1.4890705154558661	1.4890705154558661
45	44	2.1524121352566281	2.1524121352566281
46	41	2.9750577220337524	3.3248718998189486
46	43	2.4686303895075099	2.4686303895075099
46	45	1.5298192703715037	1.5298192703715037
47	42	4.4416740422158041	4.9416740422158041
47	43	2.1237000729858257	2.1237000729858257
47	44	2.6654932067093013	3.1654932067093013
47	45	1.0786700144159014	1.0786700144159014
47	46	2.1599199059224397	2.1599199059224397
48	43	3.6384044035559855	3.6728763949874454
48	45	2.4278513134045085	2.4278513134045085
48	46	1.3028357532705337	1.3028357532705337
49	44	4.4244615086251198	4.9244615086251198
49	45	2.5594165350720073	2.5594165350720073
49	46	1.9851987306060819	1.9851987306060819
49	47	2.3232729246904795	2.8232729246904795
49	48	0.9791450352220551	0.9791450352220551
50	45	3.8196011571890591	3.8196011571890591
50	46	2.4160931273442254	2.4160931273442254
50	48	1.4895083081339298	1.4895083081339298
50	49	2.1539456817663720	2.1539456817663720
51	46	2.9799416043188485	3.3283072500551660
51	48	2.4766875055202267	2.4766875055202267
51	50	1.5295574523371129	1.5295574523371129
52	47	4.1641285902041867	4.6641285902041867
52	48	2.1215336433815990	2.1215336433815990
52	49	2.6924937527626827	3.1924937527626827
52	50	1.0782049897862647	1.0782049897862647
52	51	2.1572329498688818	2.1572329498688818
53	48	3.5922905096440414	3.6725844952702036
53	50	2.4172697408439956	2.4172697408439956
53	51	1.3016032421594521	1.3016032421594521
54	49	4.4838651740444115	4.9838651740444115
54	50	2.5334756758256036	2.5334756758256036
54	51	1.9788716481874205	1.9788716481874205
54	52	2.0533505526560472	2.5533505526560472
54	53	0.9797826289539946	0.9797826289539946
55	50	3.8184117116937504	3.8184117116937504
55	51	2.4244417914233365	2.4244417914233365
55	53	1.4909463437696204	1.4909463437696204
55	54	2.1549707654629562	2.1549707654629562
56	51	3.5845868533689553	3.6994722423211455
56	53	2.4744754999797434	2.4744754999797434
56	55	1.5261828199793099	1.5261828199793099
57	52	4.3209519761630313	4.8209519761630313
57	53	2.1273847794886565	2.1273847794886565
57	54	2.6879747352777321	3.1879747352777321
57	55	1.0759716539017183	1.0759716539017183
57	56	2.1465900866257615	2.1465900866257615
58	53	3.5689229420778492	3.6694462393210885
58	55	2.4123967335411476	2.4123967335411476
58	56	1.3006083192106679	1.3006083192106679
59	54	3.9961449428494822	4.4961449428494822
59	55	2.5228941713833342	2.5228941713833342
59	56	1.9729158623722398	1.9729158623722398
59	57	2.6383310259583688	3.1383310259583688
59	58	0.9772456190743456	0.9772456190743456
60	55	3.8177341447513076	3.8177341447513076
60	56	2.4268815381060524	2.4268815381060524
60	58	1.4955888472437866	1.4955888472437866
60	59	2.1609925960076768	2.1609925960076768
61	56	2.7935223457115628	3.0803354622729215
61	58	2.4932192041615586	2.4932192041615586
61	60	1.5312889995033589	1.5312889995033589
62	57	4.1698599607401690	4.6698599607401690
62	58	2.1247188049245480	2.1247188049245480
62	59	2.4923475586175794	2.9923475586175794
62	60	1.0782940229826004	1.0782940229826004
62	61	2.1546712046156835	2.1546712046156835
63	58	3.5906152210939277	3.6831389903952498
63	60	2.4133209484028444	2.4133209484028444
63	61	1.3004299289081294	1.3004299289081294
64	59	4.2320842803726855	4.7320842803726855
64	60	2.5245298572209429	2.5245298572209429
64	61	1.9718542035353419	1.9718542035353419
64	62	2.5378694213942268	3.0378694213942268
64	63	0.9718935126854175	0.9718935126854175
65	60	3.8139058719375858	3.8139058719375858
65	61	2.4227806338998170	2.4227806338998170
65	63	1.4869794887623695	1.4869794887623695
65	64	2.1419666197212326	2.1419666197212326
66	61	2.9549716181024164	3.2908416756988075
66	63	2.4953232255561604	2.4953232255561604
66	65	1.5332103573873994	1.5332103573873994
67	62	4.1194552143311469	4.6194552143311469
67	63	2.1078145079679080	2.1078145079679080
67	64	2.7704764140370433	3.2704764140370433
67	65	1.0719822759728814	1.0719822759728814
67	66	2.1578229769839776	2.1578229769839776
68	63	3.4171739913559893	3.6442538855870432
68	65	2.4248618517350633	2.4248618517350633
68	66	1.3067780989900315	1.3067780989900315
69	64	4.4436488362230619	4.9436488362230619
69	65	2.5421284389267194	2.5421284389267194
69	66	1.9838495406658232	1.9838495406658232
69	67	2.1026934364921619	2.6026934364921619
69	68	0.9792006944441979	0.9792006944441979
70	65	3.8257822729475857	3.8257822729475857
70	66	2.4294102164928839	2.4294102164928839
70	68	1.4905720378431895	1.4905720378431895
70	69	2.1525113240120239	2.1525113240120239
71	66	2.7542121146020788	3.0207321427442086
71	68	2.4779527840538038	2.4779527840538038
71	70	1.5265899907964815	1.5265899907964815
72	67	4.3113275440192167	4.8113275440192167
72	68	2.1104520842700976	2.1104520842700976
72	69	2.0541580375373192	2.5541580375373192
72	70	1.0807131904441623	1.0807131904441623
72	71	2.1423496446658739	2.1423496446658739
73	68	2.6962498872443557	2.9415691626607110
73	70	2.4235820596794331	2.4235820596794331
73	71	1.3014065467792915	1.3014065467792915
74	54	4.4775091319504883	4.9775091319504883
74	67	3.7331486121842015	4.2331486121842019
74	69	2.7814575040475131	3.2814575040475131
74	70	2.5497948937120412	2.5497948937120412
74	71	1.9794567436546826	1.9794567436546826
74	72	2.4744102664826566	2.9744102664826566
74	73	0.9775939852515462	0.9775939852515462
75	70	3.8157983437283476	3.8157983437283476
75	71	2.4152602344260954	2.4152602344260954
75	73	1.4900406034736093	1.4900406034736093
75	74	2.1566147082870413	2.1566147082870413
76	71	3.6348234023782822	3.7028196793307564
76	73	2.4831566603821038	2.4831566603821038
76	75	1.5294397667119821	1.5294397667119821
77	72	4.0766766188674772	4.5766766188674772
77	73	2.1216693898908940	2.1216693898908940
77	74	2.5497240056891188	3.0497240056891188
77	75	1.0782179742519598	1.0782179742519598
77	76	2.1544637383813172	2.1544637383813172
78	73	3.0459900687172126	3.3940045461271948
78	75	2.3903980840019092	2.3903980840019092
78	76	1.3014472713099052	1.3014472713099052
79	74	3.9610968919949459	4.4610968919949459
79	75	2.8002467748396747	2.8002467748396747
79	76	2.8117908883841269	2.8117908883841269
79	77	1.7565209545153224	2.2565209545153224
79	78	2.1031901958691228	2.1031901958691228
80	75	3.7976964070341377	3.7976964070341377
80	76	2.4275889273103868	2.4275889273103868
80	78	1.4829055937584159	1.4829055937584159
80	79	3.1777532943889777	3.1777532943889777
81	76	2.9962811176400104	3.3377484938976361
81	78	2.4734999494643222	2.4734999494643222
81	80	1.5323723437859360	1.5323723437859360
82	52	2.7524884159729721	3.2524884159729721
82	54	2.9619827206600355	3.4619827206600355
82	74	4.0489547935542500	4.5489547935542500
82	77	4.2335419904129905	4.7335419904129905
82	78	2.1218765279817768	2.1218765279817768
82	79	3.7923351963420924	4.2923351963420924
82	80	1.0783566200473753	1.0783566200473753
82	81	2.1660586326320903	2.1660586326320903
83	78	3.6418247739647329	3.6765694839633865
83	80	2.4301615172658804	2.4301615172658804
83	81	1.3059433372087781	1.3059433372087781
84	42	3.0766527538481783	3.5766527538481783
84	44	2.4684017311426563	2.9684017311426563
84	47	3.7850042728836204	4.2850042728836204
84	49	4.2161771722218404	4.7161771722218404
84	52	3.5896855714686926	4.0896855714686922
84	54	4.4864473124312836	4.9864473124312836
84	80	2.5550970627355833	2.5550970627355833
84	81	1.9864274464475162	1.9864274464475162
84	82	2.3165083186822448	2.8165083186822448
84	83	0.9812716239655561	0.9812716239655561
85	80	3.8297368055781598	3.8297368055781598
85	81	2.4281904785251092	2.4281904785251092
85	83	1.4929799060938496	1.4929799060938496
85	84	2.1569415847444731	2.1569415847444731
86	81	3.4370515164563620	3.6622880854454318
86	83	2.4771081930347734	2.4771081930347734
86	85	1.5320704944616617	1.5320704944616617
87	42	4.0651854803262797	4.5651854803262797
87	44	3.9451588409630141	4.4451588409630141
87	82	4.4836439475729986	4.9836439475729986
87	83	2.1264978250635478	2.1264978250635478
87	84	2.7848328588795730	3.2848328588795730
87	85	1.0792080429648399	1.0792080429648399
87	86	2.1616479824430250	2.1616479824430250
88	83	3.0489129549641398	3.3927981804155953
88	85	2.4334794020085724	2.4334794020085724
88	86	1.3054830523603131	1.3054830523603131
89	42	2.7363202120484056	3.2363202120484056
89	44	3.7054801547823799	4.2054801547823804
89	84	3.6064594231696412	4.1064594231696407
89	85	2.5640196957121835	2.5640196957121835
89	86	1.9864644472026172	1.9864644472026172
89	87	2.0748599850149443	2.5748599850149443
89	88	0.9790449427886343	0.9790449427886343
90	85	3.8271459339826590	3.8271459339826590
90	86	2.4211753344192153	2.4211753344192153
90	88	1.4914335385795774	1.4914335385795774
90	89	2.1557910381110692	2.1557910381110692
91	86	2.8940457022739445	3.2362100290363021
91	88	2.4803596513409101	2.4803596513409101
91	90	1.5338220235737914	1.5338220235737914
92	32	4.5104571403048048	5.0000000000000000
92	34	4.1238529684282099	4.6238529684282099
92	37	4.3112511364309301	4.8112511364309301
92	39	3.2378481659585026	3.7378481659585026
92	42	1.6166289153200413	2.1166289153200415
92	44	2.2771177969151961	2.7771177969151961
92	84	4.2868201926143348	4.7868201926143348
92	87	4.3390987182357810	4.8390987182357810
92	88	2.1176838763139316	2.1176838763139316
92	89	2.6406200976655061	3.1406200976655061
92	90	1.0794827465040837	1.0794827465040837
92	91	2.1494922656292581	2.1494922656292581
93	88	3.1911818222032666	3.5063362547716985
93	90	2.4223511306166992	2.4223511306166992
93	91	1.3033560526579067	1.3033560526579067
94	32	3.7444534968150331	4.2444534968150336
94	34	3.3801182328805988	3.8801182328805988
94	39	4.7573144139350640	5.0000000000000000
94	42	3.5951106869396456	4.0951106869396456
94	44	3.1155508579392075	3.6155508579392075
94	89	4.2091446493846938	4.7091446493846938
94	90	2.5421378798169072	2.5421378798169072
94	91	1.9834361597994525	1.9834361597994525
94	92	1.8571523741990177	2.3571523741990177
94	93	0.9802642500876995	0.9802642500876995
95	90	3.8207775386693217	3.8207775386693217
95	91	2.4224572235645359	2.4224572235645359
95	93	1.4890930125415269	1.4890930125415269
95	94	2.1524887920730271	2.1524887920730271
96	91	3.2368270566478157	3.5421330101019111
96	93	2.4681784781494227	2.4681784781494227
96	95	1.5284531396153431	1.5284531396153431
97	32	4.5371602373733682	5.0000000000000000
97	92	4.1387902763753006	4.6387902763753006
97	93	2.1249832940519791	2.1249832940519791
97	94	2.7180393109030607	3.2180393109030607
97	95	1.0789318792212974	1.0789318792212974
97	96	2.1588313968441355	2.1588313968441355
98	93	3.6200810153339829	3.6723199575665455
98	95	2.4270972374422910	2.4270972374422910
98	96	1.3021344016652046	1.3021344016652046
99	32	4.7193830438784756	5.0000000000000000
99	94	4.2201340397809828	4.7201340397809828
99	95	2.5578917099830476	2.5578917099830476
99	96	1.9842593076510944	1.9842593076510944
99	97	2.3356956391399080	2.8356956391399080
99	98	0.9802341556995452	0.9802341556995452
100	95	3.8198162259459556	3.8198162259459556
100	96	2.4174079093111285	2.4174079093111285
100	98	1.4899238235560905	1.4899238235560905
100	99	2.1551886228355981	2.1551886228355981
101	96	2.9793081023276984	3.3271359728074805
101	98	2.4776765325602934	2.4776765325602934
101	100	1.5307351175170707	1.5307351175170707
102	19	4.1198950386408111	4.6198950386408111
102	24	4.3916755010413926	4.8916755010413926
102	29	4.5875045248790682	5.0000000000000000
102	32	2.7934866647059375	3.2934866647059375
102	34	4.4836900533272344	4.9836900533272344
102	97	4.1815598093414481	4.6815598093414481
102	98	2.1225119552077909	2.1225119552077909
102	99	2.7112535576971308	3.2112535576971308
102	100	1.0789652450380409	1.0789652450380409
102	101	2.1603120145016086	2.1603120145016086
103	98	3.2683380099577075	3.5592154213075524
103	100	2.4323426978943576	2.4323426978943576
103	101	1.3067643245819041	1.3067643245819041
104	19	3.6648436634325741	4.1648436634325741
104	24	3.2332962476216132	3.7332962476216132
104	29	4.4387301846574632	4.9387301846574632
104	32	2.7041449656980792	3.2041449656980792
104	34	3.5547830370293600	4.0547830370293596
104	99	4.1031568946596906	4.6031568946596906
104	100	2.5631738138487608	2.5631738138487608
104	101	1.9886050387143241	1.9886050387143241
104	102	1.9452987240597994	2.4452987240597994
104	103	0.9802055906798328	0.9802055906798328
105	100	3.8273277884184420	3.8273277884184420
105	101	2.4228726751523699	2.4228726751523699
105	103	1.4933803936037195	1.4933803936037195
105	104	2.1594124200809812	2.1594124200809812
106	101	3.2162871915276106	3.5285713432296930
106	103	2.4682572799446976	2.4682572799446976
106	105	1.5242634286762899	1.5242634286762899
107	102	4.2090805391638444	4.7090805391638444
107	103	2.1083097495387153	2.1083097495387153
107	104	2.9108178348247633	3.4108178348247633
107	105	1.0704471028500195	1.0704471028500195
107	106	2.1356408874152977	2.1356408874152977
108	103	2.6110107009478165	2.7531161198511227
108	105	2.3946711674048280	2.3946711674048280
108	106	1.2930464028796487	1.2930464028796487
109	17	3.6414337501210032	4.1414337501210028
109	19	3.7176518393218685	4.2176518393218689
109	24	3.9261574332433957	4.4261574332433957
109	102	3.3017646455891274	3.8017646455891274
109	104	2.3267749303042504	2.8267749303042504
109	105	2.4941774195112907	2.4941774195112907
109	106	1.9638080354250511	1.9638080354250511
109	107	2.6999146283264723	3.1999146283264723
109	108	0.9775955196296683	0.9775955196296683
110	105	3.7998280224241734	3.7998280224241734
110	106	2.4182510208826549	2.4182510208826549
110	108	1.4896875511327872	1.4896875511327872
110	109	2.1559684598806177	2.1559684598806177
111	106	3.6081598057991013	3.6937331379821559
111	108	2.4748070631869465	2.4748070631869465
111	110	1.5295492800168289	1.5295492800168289
112	17	4.6222471647270158	5.0000000000000000
112	107	4.2134013585944512	4.7134013585944512
112	108	2.1232844840011422	2.1232844840011422
112	109	2.5703220720641573	3.0703220720641573
112	110	1.0781567604017515	1.0781567604017515
112	111	2.1579256242975573	2.1579256242975573
113	108	3.4111209011667496	3.6349544334492960
113	110	2.4286881232467863	2.4286881232467863
113	111	1.3030613953302432	1.3030613953302432
114	17	4.5807618577061486	5.0000000000000000
114	109	3.8799595653354810	4.3799595653354810
114	110	2.5625184877381852	2.5625184877381852
114	111	1.9847478429261487	1.9847478429261487
114	112	2.0070038545043238	2.5070038545043238
114	113	0.9765823057991581	0.9765823057991581
115	110	3.8174925016298324	3.8174925016298324
115	111	2.4146275075050396	2.4146275075050396
115	113	1.4857284408666342	1.4857284408666342
115	114	2.1454785014070872	2.1454785014070872
116	111	3.1673117303851401	3.4920364702425934
116	113	2.4707385535503343	2.4707385535503343
116	115	1.5296391731385544	1.5296391731385544
117	9	4.3746947081337195	4.8746947081337195
117	17	3.3241660609256103	3.8241660609256103
117	109	4.2112815024860497	4.7112815024860497
117	112	4.1868099024446499	4.6868099024446499
117	113	2.1185983574051970	2.1185983574051970
117	114	2.7201500145750286	3.2201500145750286
117	115	1.0785666414274082	1.0785666414274082
117	116	2.1603124773976559	2.1603124773976559
118	113	2.7667443953804729	3.0832008967209101
118	115	2.4231708565431371	2.4231708565431371
118	116	1.3042457590500340	1.3042457590500340
119	9	4.2236040670621247	4.7236040670621247
119	17	2.4817385356923567	2.9817385356923567
119	19	4.5786027489323446	5.0000000000000000
119	112	4.2701252449626885	4.7701252449626885
119	114	2.9823661839211195	3.4823661839211195
119	115	2.5446206004039191	2.5446206004039191
119	116	1.9826835350100624	1.9826835350100624
119	117	2.4407956263764343	2.9407956263764343
119	118	0.9795943037809068	0.9795943037809068
120	115	3.8209094467155325	3.8209094467155325
120	116	2.4233136404518496	2.4233136404518496
120	118	1.4910191145656040	1.4910191145656040
120	119	2.1561319532904277	2.1561319532904277
121	116	2.9248987968539244	3.2682643165754137
121	118	2.4792166101411954	2.4792166101411954
121	120	1.5311554460602621	1.5311554460602621
122	114	4.3606895940538166	4.8606895940538166
122	117	4.4419862731335016	4.9419862731335016
122	118	2.1237309151585100	2.1237309151585100
122	119	2.7624012777656688	3.2624012777656688
122	120	1.0774177462804304	1.0774177462804304
122	121	2.1590428434841211	2.1590428434841211
123	118	3.1979447390359383	3.5114216584492097
123	120	2.4265683588145635	2.4265683588145635
123	121	1.3054267501472459	1.3054267501472459
124	119	4.2428797894982333	4.7428797894982333
124	120	2.5516545612602028	2.5516545612602028
124	121	1.9844918745109532	1.9844918745109532
124	122	1.9506564479997697	2.4506564479997697
124	123	0.9777663320037155	0.9777663320037155
125	120	3.8239373687339597	3.8239373687339597
125	121	2.4247230769718833	2.4247230769718833
125	123	1.4904834786068575	1.4904834786068575
125	124	2.1510746151633140	2.1510746151633140
126	121	2.7651997560030419	3.0484060133839859
126	123	2.4809862958105997	2.4809862958105997
126	125	1.5316259334445863	1.5316259334445863
127	1	4.5932994321233878	5.0000000000000000
127	6	3.6714888771239673	4.1714888771239673
127	9	3.4074668165294404	3.9074668165294404
127	122	4.2352908274812942	4.7352908274812942
127	123	2.1201936232335008	2.1201936232335008
127	124	2.4791433495532496	2.9791433495532496
127	125	1.0770580300058117	1.0770580300058117
127	126	2.1600898129476005	2.1600898129476005
