  -1.3617000e+01   1.3810000e+00   9.3800000e-01
  -1.3109000e+01   2.8020000e+00   1.6300000e-01
  -1.2336000e+01   2.2900000e+00   1.5880000e+00
  -1.2794000e+01   1.9740000e+00   7.0800000e-01
  -1.1821000e+01   1.1860000e+00  -1.0300000e-01
  -1.2331000e+01   6.5600000e-01  -8.9300000e-01
  -1.1057000e+01   2.0800000e-01   7.9300000e-01
  -1.1013000e+01  -1.0430000e+00   4.2100000e-01
  -1.1460000e+01  -1.3240000e+00  -4.0400000e-01
  -1.0283000e+01  -2.0430000e+00   1.2520000e+00
  -9.3470000e+00  -2.8770000e+00   3.7300000e-01
  -9.7280000e+00  -1.5500000e+00   2.0340000e+00
  -8.0820000e+00  -2.5540000e+00   3.6400000e-01
  -7.7650000e+00  -1.8030000e+00   9.0700000e-01
  -7.1210000e+00  -3.3300000e+00  -4.7100000e-01
  -6.9890000e+00  -4.7560000e+00   5.1000000e-02
  -7.4320000e+00  -3.3370000e+00  -1.5030000e+00
  -5.9080000e+00  -5.4030000e+00  -2.7300000e-01
  -5.2310000e+00  -4.9640000e+00  -8.2900000e-01
  -5.7120000e+00  -6.8040000e+00   1.9700000e-01
  -4.2230000e+00  -7.1550000e+00   3.1100000e-01
  -6.2000000e+00  -6.9480000e+00   1.1440000e+00
  -3.3860000e+00  -6.5910000e+00  -5.2000000e-01
  -3.7100000e+00  -5.9630000e+00  -1.1950000e+00
  -1.9330000e+00  -6.9300000e+00  -4.3500000e-01
  -1.0520000e+00  -5.7330000e+00  -8.0000000e-01
  -1.6890000e+00  -7.2820000e+00   5.5200000e-01
  -7.8300000e-01  -4.8690000e+00   1.4000000e-01
  -1.1410000e+00  -4.9910000e+00   1.0410000e+00
   8.4000000e-02  -3.6990000e+00  -1.5400000e-01
   1.5060000e+00  -4.1740000e+00  -4.6900000e-01
  -3.2700000e-01  -3.1270000e+00  -9.6700000e-01
   1.8650000e+00  -4.2320000e+00  -1.7230000e+00
   1.2320000e+00  -3.9780000e+00  -2.4260000e+00
   3.2360000e+00  -4.6970000e+00  -2.0830000e+00
   4.2190000e+00  -3.5200000e+00  -2.0890000e+00
   3.5670000e+00  -5.4570000e+00  -1.3940000e+00
   5.1470000e+00  -3.5060000e+00  -1.1680000e+00
   5.1920000e+00  -4.2260000e+00  -5.0700000e-01
   6.1370000e+00  -2.3950000e+00  -1.1160000e+00
   6.7790000e+00  -2.1870000e+00  -2.4900000e+00
   5.6710000e+00  -1.4890000e+00  -7.6900000e-01
   6.3920000e+00  -1.1550000e+00  -3.1870000e+00
   5.7130000e+00  -5.4900000e-01  -2.8290000e+00
   6.9870000e+00  -9.0000000e-01  -4.5280000e+00
   8.3620000e+00  -2.4900000e-01  -4.3670000e+00
   7.0650000e+00  -1.8180000e+00  -5.0890000e+00
   9.0010000e+00   9.5000000e-02  -5.4490000e+00
   8.6030000e+00  -6.6000000e-02  -6.3290000e+00
   1.0346000e+01   7.2600000e-01  -5.3420000e+00
   1.0207000e+01   2.2260000e+00  -5.0770000e+00
   1.0920000e+01   2.5700000e-01  -4.5590000e+00
   1.1200000e+01   2.8150000e+00  -4.4760000e+00
   1.1987000e+01   2.2930000e+00  -4.2150000e+00
   1.1144000e+01   4.2760000e+00  -4.1840000e+00
   1.2552000e+01   4.8250000e+00  -3.9710000e+00
   1.0659000e+01   4.8090000e+00  -4.9830000e+00
   1.2663000e+01   5.8950000e+00  -3.2400000e+00
   1.1859000e+01   6.3030000e+00  -2.8630000e+00
   1.4007000e+01   6.5020000e+00  -2.9910000e+00
   1.4988000e+01   5.4560000e+00  -2.4540000e+00
   1.4392000e+01   6.9400000e+00  -3.8980000e+00
   1.6082000e+01   5.9050000e+00  -1.9130000e+00
   1.6240000e+01   6.8630000e+00  -1.8700000e+00
   1.7104000e+01   4.9650000e+00  -1.3810000e+00
   1.6635000e+01   4.3070000e+00  -7.8000000e-02
   1.7333000e+01   4.2210000e+00  -2.1180000e+00
   1.6857000e+01   3.0260000e+00   5.4000000e-02
   1.7304000e+01   2.5340000e+00  -6.6500000e-01
   1.6451000e+01   2.3140000e+00   1.2990000e+00
   1.5045000e+01   2.7350000e+00   1.7190000e+00
   1.6467000e+01   1.2480000e+00   1.1220000e+00
   1.4122000e+01   2.7640000e+00   8.0200000e-01
   1.4342000e+01   2.5210000e+00  -1.1900000e-01
   1.2733000e+01   3.1620000e+00   1.1660000e+00
   1.1745000e+01   2.7210000e+00   8.5000000e-02
   1.2458000e+01   2.7370000e+00   2.1180000e+00
   1.1114000e+01   1.6110000e+00   3.3700000e-01
   1.1031000e+01   1.3250000e+00   2.4190000e+00
   1.0117000e+01   1.0610000e+00  -6.1300000e-01
   8.8050000e+00   1.8470000e+00  -5.1800000e-01
   1.0500000e+01   1.0710000e+00  -1.6210000e+00
   7.8370000e+00   1.5070000e+00  -1.3260000e+00
   7.9670000e+00   7.7200000e-01  -1.9630000e+00
   6.5290000e+00   2.2250000e+00  -1.2750000e+00
   5.3770000e+00   1.2190000e+00  -1.3650000e+00
   6.4530000e+00   2.8080000e+00  -3.7000000e-01
   4.8110000e+00   8.3800000e-01  -2.5200000e-01
   5.1230000e+00   1.1940000e+00   6.0500000e-01
   3.6900000e+00  -1.4500000e-01  -2.9000000e-01
   2.4130000e+00   5.3000000e-01  -8.0600000e-01
   3.9470000e+00  -9.7000000e-01  -9.3700000e-01
   1.9500000e+00   1.2200000e-01  -1.9540000e+00
   2.4160000e+00  -5.8700000e-01  -2.4450000e+00
   7.1600000e-01   7.3100000e-01  -2.5230000e+00
  -4.1600000e-01  -2.9600000e-01  -2.5190000e+00
   4.3300000e-01   1.6100000e+00  -1.9650000e+00
  -1.6040000e+00   1.0700000e-01  -2.8680000e+00
  -1.7510000e+00   1.0420000e+00  -3.1230000e+00
  -2.7400000e+00  -8.5700000e-01  -2.8770000e+00
  -2.6980000e+00  -1.7120000e+00  -4.1460000e+00
  -2.7100000e+00  -1.4820000e+00  -1.9980000e+00
  -2.5610000e+00  -3.0040000e+00  -4.0060000e+00
  -2.4880000e+00  -3.3970000e+00  -3.1110000e+00
  -2.5140000e+00  -3.8780000e+00  -5.2160000e+00
  -3.8030000e+00  -4.6850000e+00  -5.3190000e+00
  -2.4000000e+00  -3.2720000e+00  -6.0910000e+00
  -4.8510000e+00  -4.1580000e+00  -4.7750000e+00
  -4.7730000e+00  -3.2860000e+00  -4.3400000e+00
  -6.1630000e+00  -4.8620000e+00  -4.8220000e+00
  -7.2970000e+00  -3.8810000e+00  -4.5200000e+00
  -6.3100000e+00  -5.3240000e+00  -5.7850000e+00
  -8.3370000e+00  -3.8930000e+00  -5.3050000e+00
  -8.3790000e+00  -4.5110000e+00  -6.0600000e+00
  -9.4650000e+00  -2.9600000e+00  -5.0510000e+00
  -1.0661000e+01  -3.7260000e+00  -4.4830000e+00
  -9.1600000e+00  -2.1760000e+00  -4.3760000e+00
  -1.0455000e+01  -4.4560000e+00  -3.4220000e+00
  -9.5600000e+00  -4.4980000e+00  -3.0260000e+00
  -1.1578000e+01  -5.2280000e+00  -2.8170000e+00
  -1.2506000e+01  -4.2910000e+00  -2.0390000e+00
  -1.2127000e+01  -5.7560000e+00  -3.5790000e+00
  -1.3753000e+01  -4.2280000e+00  -2.4200000e+00
  -1.4062000e+01  -4.7670000e+00  -3.1750000e+00
  -1.4709000e+01  -3.3340000e+00  -1.7070000e+00
  -1.4484000e+01  -3.4120000e+00  -1.9400000e-01
  -1.4602000e+01  -2.3200000e+00  -2.0540000e+00
