2	1	1.6991486103340119	1.6991486103340119
3	1	1.6985114070856284	1.6985114070856284
3	2	1.6962927223801911	1.6962927223801911
4	1	1.0396008849553759	1.0396008849553759
4	2	1.0396576359552216	1.0396576359552216
4	3	1.0396215657632348	1.0396215657632348
5	1	2.0835184184451072	2.0835184184451072
5	2	2.0837300688908833	2.0837300688908833
5	3	2.0859506226178990	2.0859506226178990
5	4	1.4933944555943690	1.4933944555943690
6	1	1.8838228993340476	2.3838228993340476
6	2	2.5200653444929286	3.0200653444929286
6	3	2.4170536749635643	2.9170536749635643
6	4	2.1047577057704290	2.1047577057704290
6	5	1.0803675300563218	1.0803675300563218
7	4	2.4850828960016611	2.4850828960016611
7	5	1.5382568056082180	1.5382568056082180
7	6	2.1454766370203147	2.1454766370203147
8	4	3.6360289082716197	3.6789433600355133
8	5	2.4140312756880338	2.4140312756880338
8	7	1.3109954233329721	1.3109954233329721
9	1	4.3095871445591341	4.8095871445591341
9	2	4.1988017412281131	4.6988017412281131
9	3	3.9233502953619981	4.4233502953619981
9	5	2.5204606721787979	2.5204606721787979
9	6	2.4306487497523195	2.9306487497523195
9	7	1.9881775574631155	1.9881775574631155
9	8	0.9787384737507767	0.9787384737507767
10	5	3.8232747743263227	3.8232747743263227
10	7	2.4361699448109109	2.4361699448109109
10	8	1.4922429426872825	1.4922429426872825
10	9	2.1513414419845120	2.1513414419845120
11	7	2.9552323170877313	3.3131429776833445
11	8	2.4216149570069971	2.4216149570069971
11	10	1.5245832217363535	1.5245832217363535
12	3	4.3563310951099306	4.8563310951099306
12	6	4.0194173905917889	4.5194173905917889
12	8	2.1192418455664761	2.1192418455664761
12	9	2.6263772542235482	3.1263772542235482
12	10	1.0810814030404927	1.0810814030404927
12	11	2.1474405696083885	2.1474405696083885
13	8	3.0333695030814951	3.3869404186606213
13	10	2.3978175493560800	2.3978175493560800
13	11	1.3073886185828600	1.3073886185828600
14	3	4.4417042222881591	4.9417042222881591
14	9	3.9890757564553994	4.4890757564553994
14	10	2.5068901052898185	2.5068901052898185
14	11	1.9860287006989601	1.9860287006989601
14	12	2.0200052773002346	2.5200052773002346
14	13	0.9800137754133872	0.9800137754133872
15	10	3.8062586617307033	3.8062586617307033
15	11	2.4302479297388575	2.4302479297388575
15	13	1.4943266041933414	1.4943266041933414
15	14	2.1582073579709635	2.1582073579709635
16	11	2.8388958494760219	3.1754441411665031
16	13	2.4698161874925018	2.4698161874925018
16	15	1.5403519078444377	1.5403519078444377
17	12	4.2473297974688506	4.7473297974688506
17	13	2.1080310718772619	2.1080310718772619
17	14	2.6134406131159844	3.1134406131159844
17	15	1.0803050495114788	1.0803050495114788
17	16	2.1432878948008836	2.1432878948008836
18	13	2.5820174423449851	2.7722342563179909
18	15	2.4012750779533776	2.4012750779533776
18	16	1.3112581744263783	1.3112581744263783
19	12	2.9750731031770403	3.4750731031770403
19	14	2.2489276665392794	2.7489276665392794
19	15	2.4794033556482904	2.4794033556482904
19	16	1.9774855245993583	1.9774855245993583
19	17	3.0870596419188008	3.5870596419188008
19	18	0.9793727584530832	0.9793727584530832
20	15	3.8333053622167910	3.8333053622167910
20	16	2.4724016663964616	2.4724016663964616
20	18	1.4912229880202363	1.4912229880202363
20	19	2.1302856615956474	2.1302856615956474
21	16	3.6425893045145683	3.6963882226191318
21	18	2.4326425960259770	2.4326425960259770
21	20	1.5355735084977209	1.5355735084977209
22	17	4.2753673036505146	4.7753673036505146
22	18	2.1092714381985065	2.1092714381985065
22	19	2.5591566247919006	3.0591566247919006
22	20	1.0813861474977380	1.0813861474977380
22	21	2.1516798088935083	2.1516798088935083
23	18	3.0951214402116611	3.4347958754079131
23	20	2.4267092944973849	2.4267092944973849
23	21	1.3095495408727378	1.3095495408727378
24	19	3.1733868145371367	3.6733868145371367
24	20	2.5272477124334283	2.5272477124334283
24	21	1.9769129975798121	1.9769129975798121
24	22	1.9995046229985216	2.4995046229985216
24	23	0.9786056406949639	0.9786056406949639
25	20	3.8473869054203518	3.8473869054203518
25	21	2.4554848808331102	2.4554848808331102
25	23	1.5024772876819132	1.5024772876819132
25	24	2.1611147586373103	2.1611147586373103
26	21	2.8161599158236150	3.0483341498035825
26	23	2.5294351148033032	2.5294351148033032
26	25	1.5468529341860531	1.5468529341860531
27	19	4.6017799303093163	5.0000000000000000
27	22	4.2772712305430085	4.7772712305430085
27	23	2.1058632434229909	2.1058632434229909
27	24	2.1008014762417924	2.6008014762417924
27	25	1.0800416658629424	1.0800416658629424
27	26	2.1476484814792207	2.1476484814792207
28	23	2.8117617084874769	3.1422954801718799
28	25	2.4112272808675681	2.4112272808675681
28	26	1.3118067693071267	1.3118067693071267
29	12	3.0139663022343250	3.5139663022343250
29	14	4.2692383321924456	4.7692383321924456
29	19	3.3275262636792302	3.8275262636792302
29	22	4.4030956672010886	4.9030956672010886
29	24	2.8797384336349285	3.3797384336349285
29	25	2.4814231803543705	2.4814231803543705
29	26	1.9728205696413446	1.9728205696413446
29	27	2.2515142245122881	2.7515142245122881
29	28	0.9795121234573876	0.9795121234573876
30	25	3.8537034136010004	3.8537034136010004
30	26	2.4809929463825564	2.4809929463825564
30	28	1.5045813371167400	1.5045813371167400
30	29	2.1517269808226138	2.1517269808226138
31	26	2.9206048192736715	3.1440939545497293
31	28	2.5690544953348105	2.5690544953348105
31	30	1.5468445300029348	1.5468445300029348
32	12	2.2332850729605869	2.7332850729605869
32	14	3.8128736279681270	4.3128736279681270
32	19	3.7717638261655457	4.2717638261655457
32	27	4.4231268693789314	4.9231268693789314
32	28	2.0978624835770332	2.0978624835770332
32	29	2.0680223015902719	2.5680223015902719
32	30	1.0796693938423931	1.0796693938423931
32	31	2.1335983689532569	2.1335983689532569
33	28	2.7715654488574679	3.0111587925755070
33	30	2.4156019953626475	2.4156019953626475
33	31	1.3086760485314930	1.3086760485314930
34	12	3.9281071392204341	4.4281071392204341
34	14	4.0271289129934997	4.5271289129934997
34	19	2.8620692448813490	3.3620692448813490
34	22	4.6564972226149388	5.0000000000000000
34	24	4.2430995422774638	4.7430995422774638
34	27	4.1945891299838669	4.6945891299838669
34	29	2.8522686028804771	3.3522686028804771
34	30	2.5225275023277751	2.5225275023277751
34	31	1.9882115078632856	1.9882115078632856
34	32	2.4555512783627651	2.9555512783627651
34	33	0.9769145305501391	0.9769145305501391
35	30	3.8377060856714915	3.8377060856714915
35	31	2.4533903073094581	2.4533903073094581
35	33	1.4930509033519248	1.4930509033519248
35	34	2.1305560307112321	2.1305560307112321
36	31	2.9045894448543272	3.1988291095881820
36	33	2.5183851969069391	2.5183851969069391
36	35	1.5339155778594860	1.5339155778594860
37	32	4.4510369739745581	4.9510369739745581
37	33	2.0997961805851539	2.0997961805851539
37	34	2.4774263642185788	2.9774263642185788
37	35	1.0804077933817395	1.0804077933817395
37	36	2.1409119552190847	2.1409119552190847
38	33	3.5525397174869902	3.6902257687092561
38	35	2.3969991656235519	2.3969991656235519
38	36	1.3081414296627110	1.3081414296627110
39	34	4.4280223327100945	4.9280223327100945
39	35	2.4964146290229912	2.4964146290229912
39	36	1.9847450717913371	1.9847450717913371
39	37	2.0271614363982171	2.5271614363982171
39	38	0.9783889819494088	0.9783889819494088
40	35	3.8129732493160775	3.8129732493160775
40	36	2.4405589523713624	2.4405589523713624
40	38	1.4917861777077841	1.4917861777077841
40	39	2.1450223775056534	2.1450223775056534
41	36	2.9355391583968964	3.2815224186570764
41	38	2.4662662062315990	2.4662662062315990
41	40	1.5382259261889981	1.5382259261889981
42	37	4.1177757893057310	4.6177757893057310
42	38	2.1030435088223913	2.1030435088223913
42	39	2.5837369483708277	3.0837369483708277
42	40	1.0791654182746955	1.0791654182746955
42	41	2.1554380065313876	2.1554380065313876
43	38	3.5101341295918895	3.6620270435139157
43	40	2.4206870925421149	2.4206870925421149
43	41	1.3086668789267955	1.3086668789267955
44	39	4.3946844170108204	4.8946844170108204
44	40	2.5427713227893696	2.5427713227893696
44	41	1.9939390662705825	1.9939390662705825
44	42	2.1372036527107454	2.6372036527107454
44	43	0.9810117226618650	0.9810117226618650
45	40	3.8248121522500931	3.8248121522500931
45	41	2.4302039009103731	2.4302039009103731
45	43	1.4912135997233924	1.4912135997233924
45	44	2.1484613098680638	2.1484613098680638
46	41	3.5560799555365050	3.7014492406008324
46	43	2.4744318539818382	2.4744318539818382
46	45	1.5255625192039828	1.5255625192039828
47	42	4.5353696740963549	5.0000000000000000
47	43	2.1088530057830019	2.1088530057830019
47	44	2.3986122872862428	2.8986122872862428
47	45	1.0800199072239365	1.0800199072239365
47	46	2.1431850130121757	2.1431850130121757
48	43	2.9333794590551356	3.2955887339022656
48	45	2.3944742637998853	2.3944742637998853
48	46	1.3097198173655309	1.3097198173655309
49	44	2.6832140173271353	3.1832140173271353
49	45	2.4816687933727182	2.4816687933727182
49	46	1.9768927639100713	1.9768927639100713
49	47	2.0506481945306927	2.5506481945306927
49	48	0.9796749460918152	0.9796749460918152
50	45	3.8212272897591424	3.8212272897591424
50	46	2.4565266129232142	2.4565266129232142
50	48	1.5011092565166597	1.5011092565166597
50	49	2.1599606477896769	2.1599606477896769
51	46	2.8484229944491815	3.1438189220474912
51	48	2.5055725892498097	2.5055725892498097
51	50	1.5461704304506663	1.5461704304506663
52	44	3.8791929648309846	4.3791929648309846
52	47	4.4639731813368861	4.9639731813368861
52	48	2.1113668558542824	2.1113668558542824
52	49	2.6337815310367767	3.1337815310367767
52	50	1.0815900332381014	1.0815900332381014
52	51	2.1518684904054881	2.1518684904054881
53	48	2.6193128813033599	2.8176384570736412
53	50	2.3993884637548804	2.3993884637548804
53	51	1.3134039744115298	1.3134039744115298
54	44	4.6141014590476246	5.0000000000000000
54	47	3.0234519699215570	3.5234519699215570
54	49	2.3368142587293890	2.8368142587293890
54	50	2.4624284761186472	2.4624284761186472
54	51	1.9746931407183248	1.9746931407183248
54	52	3.0372747773990918	3.5372747773990918
54	53	0.9802015098947771	0.9802015098947771
55	50	3.8369546518039543	3.8369546518039543
55	51	2.4790066559007067	2.4790066559007067
55	53	1.4929695241363767	1.4929695241363767
55	54	2.1353128576393670	2.1353128576393670
56	51	2.9641008177823913	3.2731112164656455
56	53	2.5046999820337761	2.5046999820337761
56	55	1.5391984927227549	1.5391984927227549
57	47	4.7963823146901960	5.0000000000000000
57	49	4.7514304449194791	5.0000000000000000
57	53	2.0921113737083878	2.0921113737083878
57	54	1.9520411318814554	2.4520411318814554
57	55	1.0806479537758820	1.0806479537758820
57	56	2.1431724149027307	2.1431724149027307
58	53	2.9012432623185744	3.2418689198920179
58	55	2.4333213926647663	2.4333213926647663
58	56	1.3099270972080854	1.3099270972080854
59	52	4.5299172811713779	5.0000000000000000
59	54	3.7778729307458958	4.2778729307458958
59	55	2.5516712170653961	2.5516712170653961
59	56	1.9862663466917019	1.9862663466917019
59	57	3.3019465953433915	3.8019465953433915
59	58	0.9768853566309598	0.9768853566309598
60	55	3.8477752013338824	3.8477752013338824
60	56	2.4520020391508646	2.4520020391508646
60	58	1.4952835851436352	1.4952835851436352
60	59	2.1398495274200942	2.1398495274200942
61	56	3.5372744632012161	3.7195018783462186
61	58	2.4980242192580921	2.4980242192580921
61	60	1.5393082862116996	1.5393082862116996
62	57	4.3745786355307414	4.8745786355307414
62	58	2.1183038025741263	2.1183038025741263
62	59	2.6904858200178339	3.1904858200178339
62	60	1.0804619382467844	1.0804619382467844
62	61	2.1352119332750084	2.1352119332750084
63	58	3.6137626322247076	3.6801073162100892
63	60	2.4002222813731233	2.4002222813731233
63	61	1.3106750169283004	1.3106750169283004
64	59	4.1101069938664070	4.6101069938664070
64	60	2.4718321140401103	2.4718321140401103
64	61	1.9715947859537464	1.9715947859537464
64	62	2.4062288702739600	2.9062288702739600
64	63	0.9775402804999903	0.9775402804999903
65	60	3.8272061611572479	3.8272061611572479
65	61	2.4577902676998291	2.4577902676998291
65	63	1.4956189354243949	1.4956189354243949
65	64	2.1531411936981746	2.1531411936981746
66	61	2.8999050395084147	3.2051297095538152
66	63	2.5051377207650680	2.5051377207650680
66	65	1.5349641689629099	1.5349641689629099
67	62	4.0117588011597025	4.5117588011597025
67	63	2.0981182044870583	2.0981182044870583
67	64	2.6407065382315222	3.1407065382315222
67	65	1.0774154259151851	1.0774154259151851
67	66	2.1296579537568934	2.1296579537568934
68	63	2.9417957319857688	3.2920008759961479
68	65	2.4204202114508959	2.4204202114508959
68	66	1.3108184466202792	1.3108184466202792
69	64	2.7731932743373928	3.2731932743373928
69	65	2.5161710991107098	2.5161710991107098
69	66	1.9773603616943476	1.9773603616943476
69	67	3.3894649726994657	3.8894649726994657
69	68	0.9783797831108334	0.9783797831108334
70	65	3.8386763343631873	3.8386763343631873
70	66	2.4488844399031988	2.4488844399031988
70	68	1.5025624779023330	1.5025624779023330
70	69	2.1681856470330216	2.1681856470330216
71	66	3.3836442538795826	3.6471894347744520
71	68	2.5106614666258764	2.5106614666258764
71	70	1.5241820757376723	1.5241820757376723
72	67	4.3363638754615392	4.8363638754615392
72	68	2.0982271087754056	2.0982271087754056
72	69	2.7621246696522062	3.2621246696522062
72	70	1.0714574186592767	1.0714574186592767
72	71	2.0861356619357236	2.0861356619357236
73	68	2.6584490807211054	2.7055332360730793
73	70	2.3935818348241198	2.3935818348241198
73	71	1.3030015349185129	1.3030015349185129
74	64	3.3437176251765437	3.8437176251765437
74	67	4.6049577549546932	5.0000000000000000
74	69	1.5303817748966690	2.0303817748966688
74	70	2.4652809170559040	2.4652809170559040
74	71	1.9577407897880668	1.9577407897880668
74	72	2.9483747173351587	3.4483747173351587
74	73	0.9766319675292233	0.9766319675292233
75	70	3.8049444148370943	3.8049444148370943
75	71	2.4262310277465335	2.4262310277465335
75	73	1.4999199978665525	1.4999199978665525
75	74	2.1868648792277958	2.1868648792277958
76	71	2.8329618548286701	3.1953721288786467
76	73	2.4257135032810444	2.4257135032810444
76	75	1.5391731546515488	1.5391731546515488
77	69	4.1998319746691841	4.6998319746691841
77	72	4.5047111081766049	5.0000000000000000
77	73	2.1194836635369474	2.1194836635369474
77	74	2.7888561136132202	3.2888561136132202
77	75	1.0815040452998781	1.0815040452998781
77	76	2.1451967275753523	2.1451967275753523
78	73	2.5262793930114458	2.6964021018034985
78	75	2.4126404622321993	2.4126404622321993
78	76	1.3117217692788359	1.3117217692788359
79	59	3.7757277187736289	4.2757277187736289
79	64	4.5448557904170022	5.0000000000000000
79	69	3.4518919247045350	3.9518919247045350
79	72	3.0918936105972739	3.5918936105972739
79	74	2.1187571236351230	2.6187571236351230
79	75	2.5216924871998172	2.5216924871998172
79	76	1.9900746217164822	1.9900746217164822
79	77	3.1649582544973209	3.6649582544973209
79	78	0.9765587539928153	0.9765587539928153
80	75	3.8224362650016812	3.8224362650016812
80	76	2.4429770772563546	2.4429770772563546
80	78	1.4845810856938735	1.4845810856938735
80	79	2.1280700176450962	2.1280700176450962
81	76	2.8210644649527192	3.1533460095453116
81	78	2.4383939386407603	2.4383939386407603
81	80	1.5341962064872929	1.5341962064872929
82	59	4.2576468997569084	4.7576468997569084
82	77	4.6048077991835470	5.0000000000000000
82	78	2.0921223673580855	2.0921223673580855
82	79	2.6391644597115222	3.1391644597115222
82	80	1.0752994931645794	1.0752994931645794
82	81	2.1411242374042661	2.1411242374042661
83	78	2.6535938906831786	2.9690492724307864
83	80	2.4097879574767571	2.4097879574767571
83	81	1.3104800647091128	1.3104800647091128
84	72	2.9032072997958229	3.4032072997958229
84	74	4.0333467878784948	4.5333467878784948
84	77	3.8033028688422963	4.3033028688422963
84	79	2.4181172745024822	2.9181172745024822
84	80	2.5276380278829480	2.5276380278829480
84	81	1.9936800144456481	1.9936800144456481
84	82	3.2394735208802596	3.7394735208802596
84	83	0.9781748309990398	0.9781748309990398
85	80	3.8153082444279653	3.8153082444279653
85	81	2.4311633017960763	2.4311633017960763
85	83	1.4900687903583509	1.4900687903583509
85	84	2.1442842628718792	2.1442842628718792
86	81	2.8675412014943666	3.2213077500888958
86	83	2.4408965565955469	2.4408965565955469
86	85	1.5353634748814369	1.5353634748814369
87	82	4.4502438842015453	4.9502438842015453
87	83	2.1048814693469082	2.1048814693469082
87	84	2.4504536756764721	2.9504536756764721
87	85	1.0810092506542208	1.0810092506542208
87	86	2.1524660276064753	2.1524660276064753
88	83	2.7003779449747101	3.0251390993917213
88	85	2.4259991755975521	2.4259991755975521
88	86	1.3098324320309067	1.3098324320309067
89	72	4.4993868146343505	4.9993868146343505
89	74	4.4903647600189087	4.9903647600189087
89	77	2.7797031434560595	3.2797031434560595
89	79	3.7207930762940920	4.2207930762940915
89	82	4.2462511336485962	4.7462511336485962
89	84	2.3290313442934094	2.8290313442934094
89	85	2.5359325700814686	2.5359325700814686
89	86	1.9829001487719951	1.9829001487719951
89	87	3.3662130914349881	3.8662130914349881
89	88	0.9783342986934480	0.9783342986934480
90	85	3.8353417057675583	3.8353417057675583
90	86	2.4416263022829683	2.4416263022829683
90	88	1.4948839419834570	1.4948839419834570
90	89	2.1540227482549947	2.1540227482549947
91	86	2.7894445054635209	3.1042240028896724
91	88	2.4700564770871125	2.4700564770871125
91	90	1.5503538305819093	1.5503538305819093
92	77	4.5978331244382762	5.0000000000000000
92	87	4.5699444221409369	5.0000000000000000
92	88	2.1080268024861541	2.1080268024861541
92	89	2.5148704083135716	3.0148704083135716
92	90	1.0801097166491933	1.0801097166491933
92	91	2.1574906720539957	2.1574906720539957
93	88	2.6870126474239044	2.9916755020352759
93	90	2.4277127095272206	2.4277127095272206
93	91	1.3088139669181407	1.3088139669181407
94	77	3.8884588457151850	4.3884588457151850
94	79	4.6281430434295094	5.0000000000000000
94	82	3.3614924178951018	3.8614924178951018
94	84	3.9995055328858564	4.4995055328858564
94	87	4.3222412429611268	4.8222412429611268
94	89	2.6151493889518900	3.1151493889518900
94	90	2.5188658161958526	2.5188658161958526
94	91	1.9743601495167995	1.9743601495167995
94	92	3.3015687225556065	3.8015687225556065
94	93	0.9742381639003881	0.9742381639003881
95	90	3.8449690505906546	3.8449690505906546
95	91	2.4459709728449357	2.4459709728449357
95	93	1.4963589141646467	1.4963589141646467
95	94	2.1532296672672890	2.1532296672672890
96	91	2.8342310238830759	3.1507286266265067
96	93	2.4721903243884764	2.4721903243884764
96	95	1.5317137461027108	1.5317137461027108
97	92	4.6377491100632007	5.0000000000000000
97	93	2.1095878744437266	2.1095878744437266
97	94	2.6053086605383853	3.1053086605383853
97	95	1.0742332149026115	1.0742332149026115
97	96	2.1259082764785502	2.1259082764785502
98	93	2.6991965306783916	3.0085127497421222
98	95	2.4088067585424944	2.4088067585424944
98	96	1.3081655094062064	1.3081655094062064
99	82	3.9728157380234030	4.4728157380234030
99	84	4.4372021366202752	4.9372021366202752
99	87	3.2428571941758482	3.7428571941758482
99	89	4.0097976624276805	4.5097976624276805
99	92	4.4358216414664664	4.9358216414664664
99	94	2.5045401410587087	3.0045401410587087
99	95	2.5152109255487893	2.5152109255487893
99	96	1.9825632398488577	1.9825632398488577
99	97	3.3101656101021018	3.8101656101021018
99	98	0.9767886158222771	0.9767886158222771
100	95	3.8241147995320435	3.8241147995320435
100	96	2.4449394675533385	2.4449394675533385
100	98	1.4939591694554444	1.4939591694554444
100	99	2.1445666228867784	2.1445666228867784
101	96	2.7771537529492516	3.0855119912660607
101	98	2.4575711586849325	2.4575711586849325
101	100	1.5425893815270482	1.5425893815270482
102	1	4.2028789054270375	4.7028789054270375
102	2	3.6809580580149008	4.1809580580149008
102	3	4.7560683721550960	5.0000000000000000
102	97	4.6040905172630451	5.0000000000000000
102	98	2.1068737503704393	2.1068737503704393
102	99	2.5240325210244614	3.0240325210244614
102	100	1.0800930515469487	1.0800930515469487
102	101	2.1550853811392252	2.1550853811392252
103	98	2.7338449676792060	3.0694560459886859
103	100	2.4251103067695707	2.4251103067695707
103	101	1.3089514887878770	1.3089514887878770
104	87	3.7595569894532677	4.2595569894532677
104	89	4.6519002299258219	5.0000000000000000
104	92	3.3238258572865567	3.8238258572865567
104	94	4.1458382222537580	4.6458382222537580
104	97	4.2303017984862024	4.7303017984862024
104	99	2.5103682818758148	3.0103682818758148
104	100	2.5139453056898433	2.5139453056898433
104	101	1.9720590761942201	1.9720590761942201
104	102	3.2525308174290561	3.7525308174290561
104	103	0.9769078769259669	0.9769078769259669
105	100	3.8423530550952760	3.8423530550952760
105	101	2.4479805963283283	2.4479805963283283
105	103	1.4977559881369193	1.4977559881369193
105	104	2.1608489072584414	2.1608489072584414
106	101	2.8064229141824861	3.0925090400415733
106	103	2.4885178319634367	2.4885178319634367
106	105	1.5347644770452571	1.5347644770452571
107	102	4.6633817724975044	5.0000000000000000
107	103	2.1097480892277165	2.1097480892277165
107	104	2.5855703631262941	3.0855703631262941
107	105	1.0801342509151350	1.0801342509151350
107	106	2.1307336764598248	2.1307336764598248
108	103	2.7170723097844913	2.9981109382710271
108	105	2.4247214272984023	2.4247214272984023
108	106	1.3070302215327692	1.3070302215327692
109	92	4.1499237622956109	4.6499237622956109
109	94	4.6082843863906637	5.0000000000000000
109	97	3.0777268197859415	3.5777268197859415
109	99	3.9843565800578560	4.4843565800578560
109	102	4.4067730368689908	4.9067730368689908
109	104	2.7148529656541074	3.2148529656541074
109	105	2.5153627968943173	2.5153627968943173
109	106	1.9668741698441210	1.9668741698441210
109	107	3.2469072114309081	3.7469072114309081
109	108	0.9762243594584189	0.9762243594584189
110	105	3.8363959649650350	3.8363959649650350
110	106	2.4362811824582149	2.4362811824582149
110	108	1.5045085576360144	1.5045085576360144
110	109	2.1828820398729749	2.1828820398729749
111	106	2.7754845131447068	3.0793248507213158
111	108	2.4817002236370129	2.4817002236370129
111	110	1.5398447973740730	1.5398447973740730
112	107	4.4848537841942235	4.9848537841942235
112	108	2.1140295645993223	2.1140295645993223
112	109	2.5223290641255964	3.0223290641255964
112	110	1.0808445771710193	1.0808445771710193
112	111	2.1414091155124937	2.1414091155124937
113	108	2.7716987143326222	3.1225985924483131
113	110	2.4070041545456458	2.4070041545456458
113	111	1.3108672701688757	1.3108672701688757
114	97	3.8101390579933270	4.3101390579933270
114	99	4.6558145259978323	5.0000000000000000
114	102	3.3757157237199591	3.8757157237199591
114	104	4.1120665888857042	4.6120665888857042
114	107	4.2958439602240963	4.7958439602240963
114	109	2.5643051177276139	3.0643051177276139
114	110	2.4865270961724910	2.4865270961724910
114	111	1.9740509111975810	1.9740509111975810
114	112	3.2890183581016994	3.7890183581016994
114	113	0.9770445230387407	0.9770445230387407
115	110	3.8366357658761410	3.8366357658761410
115	111	2.4636541965137888	2.4636541965137888
115	113	1.4982059271008110	1.4982059271008110
115	114	2.1493526932544134	2.1493526932544134
116	111	2.8060030570188959	3.1041339364531368
116	113	2.4588332599019393	2.4588332599019393
116	115	1.5304345788043339	1.5304345788043339
117	112	4.7398217226644039	5.0000000000000000
117	113	2.1103675035405565	2.1103675035405565
117	114	2.4746023588875308	2.9746023588875308
117	115	1.0783849034551625	1.0783849034551625
117	116	2.1428518380886716	2.1428518380886716
118	113	2.6081052364252924	2.9236349919720976
118	115	2.3657531570305466	2.3657531570305466
118	116	1.3011541030946334	1.3011541030946334
119	102	3.8659171608437433	4.3659171608437433
119	104	4.5239477765592122	5.0000000000000000
119	107	3.4199145394468271	3.9199145394468271
119	109	3.9275872222850747	4.4275872222850747
119	112	4.3295551418639908	4.8295551418639908
119	114	2.5488206573675782	3.0488206573675782
119	115	2.4180241934273528	2.4180241934273528
119	116	1.9571440928046151	1.9571440928046151
119	117	3.2284410336033966	3.7284410336033966
119	118	0.9765679699846802	0.9765679699846802
120	115	3.8021312444469877	3.8021312444469877
120	116	2.4644549093055041	2.4644549093055041
120	118	1.4896690907715047	1.4896690907715047
120	119	2.1341178505415299	2.1341178505415299
121	116	2.8862567678227382	3.1742635627081750
121	118	2.4933714123651938	2.4933714123651938
121	120	1.5382083734006913	1.5382083734006913
122	117	4.6489211831094988	5.0000000000000000
122	118	2.0987236597513266	2.0987236597513266
122	119	2.4943347415327950	2.9943347415327950
122	120	1.0785105470045249	1.0785105470045249
122	121	2.1417170681488251	2.1417170681488251
123	118	2.7129202518522781	3.0323726849920001
123	120	2.3884155836034906	2.3884155836034906
123	121	1.3059670746232466	1.3059670746232466
124	107	3.7320930516238766	4.2320930516238766
124	109	4.5634125417953495	5.0000000000000000
124	112	3.2605387148610729	3.7605387148610729
124	114	4.0918196435299645	4.5918196435299645
124	117	4.4638959106737914	4.9638959106737914
124	119	2.6167392035380370	3.1167392035380370
124	120	2.4478711158882529	2.4478711158882529
124	121	1.9623796778401470	1.9623796778401470
124	122	3.1892391618240725	3.6892391618240725
124	123	0.9768183044967982	0.9768183044967982
125	120	3.8180347038758047	3.8180347038758047
125	121	2.4539343919510155	2.4539343919510155
125	123	1.4962058681879309	1.4962058681879309
125	124	2.1579189048710803	2.1579189048710803
126	121	2.8478168234318004	3.1255307416367444
126	123	2.5029750298394911	2.5029750298394911
126	125	1.5309408871671044	1.5309408871671044
127	122	4.6448459963674722	5.0000000000000000
127	123	2.1116744540766699	2.1116744540766699
127	124	2.6104759853608690	3.1104759853608690
127	125	1.0804984960655892	1.0804984960655892
127	126	2.1462248251289986	2.1462248251289986
128	123	2.7943855515374669	3.1310299728254831
128	125	2.3955118450969928	2.3955118450969928
128	126	1.3080110855799352	1.3080110855799352
129	112	3.7772733547046471	4.2772733547046471
129	114	4.6678514403873663	5.0000000000000000
129	117	3.7025837818127543	4.2025837818127538
129	119	4.1290914837239567	4.6290914837239567
129	122	4.5219657612846289	5.0000000000000000
129	124	2.8282834513660462	3.3282834513660462
129	125	2.4788975372128639	2.4788975372128639
129	126	1.9738989335829735	1.9738989335829735
129	127	3.1800323999743925	3.6800323999743925
129	128	0.9781124679708357	0.9781124679708357
130	125	3.8107801038632498	3.8107801038632498
130	126	2.4352619982252426	2.4352619982252426
130	128	1.4973643511183246	1.4973643511183246
130	129	2.1694838095731437	2.1694838095731437
131	126	2.9035609927032655	3.2337653177106680
131	128	2.5008596521996189	2.5008596521996189
131	130	1.5362587672654626	1.5362587672654626
132	127	4.5120849871929121	5.0000000000000000
132	128	2.0999004738320335	2.0999004738320335
132	129	2.5895977358290478	3.0895977358290478
132	130	1.0758986941157604	1.0758986941157604
132	131	2.1391243535615225	2.1391243535615225
133	128	2.7585275476458073	3.0829183691940334
133	130	2.4026320983454785	2.4026320983454785
133	131	1.3079732413165031	1.3079732413165031
134	117	3.8231214552584998	4.3231214552584998
134	119	4.5326610584748899	5.0000000000000000
134	122	3.5545799176345514	4.0545799176345518
134	124	4.0452390075128957	4.5452390075128957
134	127	4.6837143465760978	5.0000000000000000
134	129	2.4469284469006327	2.9469284469006327
134	130	2.4911686012793273	2.4911686012793273
134	131	1.9734168338189477	1.9734168338189477
134	132	3.2890005038977081	3.7890005038977081
134	133	0.9727024210929059	0.9727024210929059
135	130	3.8356378869752548	3.8356378869752548
135	131	2.4712533257438420	2.4712533257438420
135	133	1.4950414709967081	1.4950414709967081
135	134	2.1255175840251250	2.1255175840251250
136	131	2.8580520973527608	3.0719757120533817
136	133	2.5191057937291954	2.5191057937291954
136	135	1.5234149139351354	1.5234149139351354
137	132	4.6700292061489908	5.0000000000000000
137	133	2.0950181383463016	2.0950181383463016
137	134	2.4900201762381564	2.9900201762381564
137	135	1.0784961752366118	1.0784961752366118
137	136	2.1059940645690332	2.1059940645690332
138	133	2.7211574490002013	2.9783517891004165
138	135	2.3959202824801995	2.3959202824801995
138	136	1.3067161130100142	1.3067161130100142
139	122	3.9077491674679887	4.4077491674679887
139	127	3.9175877781616375	4.4175877781616375
139	129	4.1752505363382522	4.6752505363382522
139	132	4.1153047240434688	4.6153047240434688
139	134	2.7108822437265552	3.2108822437265552
139	135	2.4914036204517322	2.4914036204517322
139	136	1.9748774645531804	1.9748774645531804
139	137	3.2839230457855972	3.7839230457855972
139	138	0.9764435467552638	0.9764435467552638
140	135	3.8192957466004120	3.8192957466004120
140	136	2.4566011072211142	2.4566011072211142
140	138	1.4942897978638554	1.4942897978638554
140	139	2.1398635470515406	2.1398635470515406
141	136	2.8670737539174636	3.1242581819874431
141	138	2.5308887766948582	2.5308887766948582
141	140	1.5441327663125333	1.5441327663125333
142	137	4.7197876075708223	5.0000000000000000
142	138	2.0987736895625502	2.0987736895625502
142	139	2.3427246759173284	2.8427246759173284
142	140	1.0829095068379440	1.0829095068379440
142	141	2.1435001749475076	2.1435001749475076
143	138	2.7636821378916960	3.0059454825146377
143	140	2.4405214606718784	2.4405214606718784
143	141	1.3121604322642866	1.3121604322642866
144	132	3.7917052880874005	4.2917052880874005
144	134	4.5592046242331703	5.0000000000000000
144	137	3.7140293389980887	4.2140293389980883
144	139	2.8609789576860707	3.3609789576860707
144	140	2.5648399560206476	2.5648399560206476
144	141	1.9926580238465406	1.9926580238465406
144	142	3.3370374073627445	3.8370374073627445
144	143	0.9778982564663881	0.9778982564663881
145	140	3.8459517677682853	3.8459517677682853
145	141	2.4379198100019623	2.4379198100019623
145	143	1.4961771285512959	1.4961771285512959
145	144	2.1522372081162442	2.1522372081162442
146	141	2.8676406891825676	3.2076573917623938
146	143	2.4712314743868085	2.4712314743868085
146	145	1.5367189072826559	1.5367189072826559
147	142	4.5212210875567873	5.0000000000000000
147	143	2.1180568925314529	2.1180568925314529
147	144	2.5404166110105595	3.0404166110105595
147	145	1.0793854733134023	1.0793854733134023
147	146	2.1566330239519194	2.1566330239519194
148	143	2.7343758662141502	3.0712472913971856
148	145	2.4090309254968068	2.4090309254968068
148	146	1.3113454922330730	1.3113454922330730
149	137	3.1117210498357131	3.6117210498357131
149	139	4.6234030485327677	5.0000000000000000
149	142	4.5879383569845071	5.0000000000000000
149	144	2.4991872781869002	2.9991872781869002
149	145	2.5081885894007256	2.5081885894007256
149	146	1.9867996879403826	1.9867996879403826
149	147	3.2405385629701375	3.7405385629701375
149	148	0.9810840942549223	0.9810840942549223
150	145	3.8244327683984722	3.8244327683984722
150	146	2.4394739186964070	2.4394739186964070
150	148	1.4995646034766221	1.4995646034766221
150	149	2.1666831794242554	2.1666831794242554
151	146	2.8351937037985513	3.1538489440507629
151	148	2.4861709514834245	2.4861709514834245
151	150	1.5334712256837424	1.5334712256837424
152	147	4.4780162622009225	4.9780162622009225
152	148	2.1099630328515229	2.1099630328515229
152	149	2.5575664240367826	3.0575664240367826
152	150	1.0800990695301993	1.0800990695301993
152	151	2.1354086260011225	2.1354086260011225
153	148	2.6632025735907359	2.9421458379755396
153	150	2.3979910341784016	2.3979910341784016
153	151	1.3051509491242765	1.3051509491242765
154	137	3.8765748388294385	4.3765748388294385
154	139	4.4494827843213489	4.9494827843213489
154	142	3.4127236881192520	3.9127236881192520
154	144	3.6616098010225944	4.1616098010225944
154	147	4.2774557792233860	4.7774557792233860
154	149	2.3466747114641087	2.8466747114641087
154	150	2.4825492945760410	2.4825492945760410
154	151	1.9692031383277855	1.9692031383277855
154	152	3.1495759477226573	3.6495759477226573
154	153	0.9741550184647214	0.9741550184647214
155	150	3.8198160950496036	3.8198160950496036
155	151	2.4524283883530629	2.4524283883530629
155	153	1.4896355258921561	1.4896355258921561
155	154	2.1352301983626973	2.1352301983626973
156	151	2.8853943468087642	3.2100987217078316
156	153	2.4637051365778313	2.4637051365778313
156	155	1.5335621930655419	1.5335621930655419
157	152	4.7329332268385365	5.0000000000000000
157	153	2.0995663838040466	2.0995663838040466
157	154	2.6364387018688524	3.1364387018688524
157	155	1.0799523137620479	1.0799523137620479
157	156	2.1302028072462948	2.1302028072462948
158	153	2.7213025750214714	3.0307539592718729
158	155	2.4256409462243176	2.4256409462243176
158	156	1.3093399100310052	1.3093399100310052
159	142	3.6487635906045166	4.1487635906045170
159	144	4.5081486976606060	5.0000000000000000
159	147	3.5362099091332486	4.0362099091332482
159	149	4.3190291367431159	4.8190291367431159
159	152	4.4148217411157669	4.9148217411157669
159	154	2.6388656938200135	3.1388656938200135
159	155	2.5474921000858872	2.5474921000858872
159	156	1.9887425675536783	1.9887425675536783
159	157	3.2234385134604255	3.7234385134604255
159	158	0.9783077225495048	0.9783077225495048
160	155	3.8312030747534136	3.8312030747534136
160	156	2.4340004108463109	2.4340004108463109
160	158	1.4971001970476137	1.4971001970476137
160	159	2.1571854347737478	2.1571854347737478
161	156	2.7762864711092496	3.0882149133259782
161	158	2.4656208143183718	2.4656208143183718
161	160	1.5333163404855481	1.5333163404855481
162	157	4.5432747850436215	5.0000000000000000
162	158	2.1030791711202874	2.1030791711202874
162	159	2.5367179696879569	3.0367179696879569
162	160	1.0767149111998027	1.0767149111998027
162	161	2.1309087263418864	2.1309087263418864
163	158	2.6278220114000623	2.8814700185959246
163	160	2.4106945057389586	2.4106945057389586
163	161	1.3101003778336977	1.3101003778336977
164	147	4.1435040826313099	4.6435040826313099
164	149	4.6572791372141413	5.0000000000000000
164	152	3.1737441223245382	3.6737441223245382
164	154	3.9614682058629693	4.4614682058629693
164	157	4.3156750521871610	4.8156750521871610
164	159	2.4689001121986873	2.9689001121986873
164	160	2.5055276889310165	2.5055276889310165
164	161	1.9795661140765162	1.9795661140765162
164	162	3.1923900144829744	3.6923900144829744
164	163	0.9795146757450881	0.9795146757450881
165	160	3.8216161502694104	3.8216161502694104
165	161	2.4355494246678711	2.4355494246678711
165	163	1.4973329623033060	1.4973329623033060
165	164	2.1691005048176075	2.1691005048176075
166	161	2.7341359777249594	2.9879288922143981
166	163	2.4830199354817908	2.4830199354817908
166	165	1.5366671728126440	1.5366671728126440
167	162	4.6423104626882807	5.0000000000000000
167	163	2.1152044818409390	2.1152044818409390
167	164	2.6124344527687531	3.1124344527687531
167	165	1.0818022000347391	1.0818022000347391
167	166	2.1482434685109602	2.1482434685109602
168	163	2.7165873359518882	3.0248732949671218
168	165	2.4145610367104000	2.4145610367104000
168	166	1.3087960116076158	1.3087960116076158
169	152	3.8333286360503438	4.3333286360503438
169	154	4.3827279466256170	4.8827279466256170
169	157	3.1014782479951468	3.6014782479951468
169	159	4.0772459289911156	4.5772459289911156
169	162	4.2752855329604351	4.7752855329604351
169	164	2.5508841725019900	3.0508841725019900
169	165	2.5122390411742272	2.5122390411742272
169	166	1.9783803982045529	1.9783803982045529
169	167	3.2584420069252578	3.7584420069252578
169	168	0.9769779936109106	0.9769779936109106
170	165	3.8304021982032128	3.8304021982032128
170	166	2.4439907937633483	2.4439907937633483
170	168	1.4968406728840580	1.4968406728840580
170	169	2.1560366416181336	2.1560366416181336
171	166	2.7837802015691047	3.0479761923329090
171	168	2.4957774339872540	2.4957774339872540
171	170	1.5379535103506874	1.5379535103506874
172	167	4.6066841961331102	5.0000000000000000
172	168	2.1006446629546849	2.1006446629546849
172	169	2.5397346037173674	3.0397346037173674
172	170	1.0801370283440896	1.0801370283440896
172	171	2.1371778119754095	2.1371778119754095
173	168	2.7638278622668175	3.0827694702581261
173	170	2.4205774104539612	2.4205774104539612
173	171	1.3131054793884602	1.3131054793884602
174	157	3.7627665159741461	4.2627665159741461
174	159	4.6470011309351111	5.0000000000000000
174	162	3.1579749510045989	3.6579749510045989
174	164	4.1258353789851023	4.6258353789851023
174	167	4.4434897267950459	4.9434897267950459
174	169	2.5882820523265972	3.0882820523265972
174	170	2.5182503846917208	2.5182503846917208
174	171	1.9829478056671075	1.9829478056671075
174	172	3.3261132454947222	3.8261132454947222
174	173	0.9791659716309601	0.9791659716309601
175	170	3.8415961526428055	3.8415961526428055
175	171	2.4547989734395768	2.4547989734395768
175	173	1.5009790138439636	1.5009790138439636
175	174	2.1597685061135605	2.1597685061135605
176	171	2.8056694908604003	3.1023652992440232
176	173	2.4789532064966453	2.4789532064966453
176	175	1.5341717635258463	1.5341717635258463
177	172	4.6915309504232212	5.0000000000000000
177	173	2.1101234561039304	2.1101234561039304
177	174	2.5444063509621899	3.0444063509621899
177	175	1.0778919240814449	1.0778919240814449
177	176	2.1399196246588348	2.1399196246588348
178	173	2.6654134255246160	2.9756871839162531
178	175	2.3909431193568791	2.3909431193568791
178	176	1.3085144248345140	1.3085144248345140
179	162	3.8459379320388098	4.3459379320388098
179	164	4.6602265144846289	5.0000000000000000
179	167	3.5222287107663939	4.0222287107663934
179	169	4.1849135254802299	4.6849135254802299
179	172	4.2095854201521581	4.7095854201521581
179	174	2.5396636081579804	3.0396636081579804
179	175	2.4615972456923179	2.4615972456923179
179	176	1.9692054235147745	1.9692054235147745
179	177	3.1884122864976487	3.6884122864976487
179	178	0.9770189353333950	0.9770189353333950
180	175	3.8169962012032461	3.8169962012032461
180	176	2.4532466243735058	2.4532466243735058
180	178	1.4951966425858514	1.4951966425858514
180	179	2.1543511784293665	2.1543511784293665
181	176	2.8187555602618386	3.1287885601409848
181	178	2.4686840624105795	2.4686840624105795
181	180	1.5422898560257732	1.5422898560257732
182	177	4.5960833739807354	5.0000000000000000
182	178	2.1098900445283868	2.1098900445283868
182	179	2.6561606353221756	3.1561606353221756
182	180	1.0814901756373005	1.0814901756373005
182	181	2.1524100445779375	2.1524100445779375
183	178	2.6633662320491869	2.9676930188688058
183	180	2.4093694195784923	2.4093694195784923
183	181	1.3094796676542946	1.3094796676542946
184	167	3.9262625478784106	4.4262625478784106
184	169	4.4295893948612237	4.9295893948612237
184	172	3.1896646583677479	3.6896646583677479
184	174	3.9391734256547632	4.4391734256547632
184	177	4.5177666505118790	5.0000000000000000
184	179	2.5257610586500507	3.0257610586500507
184	180	2.5020591519786253	2.5020591519786253
184	181	1.9808074111331466	1.9808074111331466
184	182	3.1658796899563328	3.6658796899563328
184	183	0.9771084893705495	0.9771084893705495
185	180	3.8325830715067353	3.8325830715067353
185	181	2.4554268468028115	2.4554268468028115
185	183	1.4929668449098266	1.4929668449098266
185	184	2.1382920754658383	2.1382920754658383
186	181	3.4478671453700929	3.6685815079945368
186	183	2.4642230012724093	2.4642230012724093
186	185	1.5307413236729452	1.5307413236729452
187	172	3.6660216318106364	4.1660216318106364
187	179	4.7192979477885277	5.0000000000000000
187	183	2.1056307843494309	2.1056307843494309
187	184	2.2642480321694265	2.7642480321694265
187	185	1.0796263242437185	1.0796263242437185
187	186	2.1474063425444183	2.1474063425444183
188	183	3.3800826786773657	3.6156162711327444
188	185	2.4092009048645155	2.4092009048645155
188	186	1.3101007594837875	1.3101007594837875
189	172	3.8269652638651683	4.3269652638651683
189	184	3.6193740789124518	4.1193740789124522
189	185	2.5138585879082398	2.5138585879082398
189	186	1.9845286594050493	1.9845286594050493
189	187	2.0370637908171272	2.5370637908171272
189	188	0.9790597530283853	0.9790597530283853
190	185	3.8243480490143686	3.8243480490143686
190	186	2.4439727903558990	2.4439727903558990
190	188	1.4970327317730905	1.4970327317730905
190	189	2.1555706900957814	2.1555706900957814
191	186	2.8065064291394237	3.0918947481119892
191	188	2.4937523934825605	2.4937523934825605
191	190	1.5346432810265704	1.5346432810265704
192	172	4.2366523813516244	4.7366523813516244
192	184	4.4640616948197920	4.9640616948197920
192	187	4.0592518604381382	4.5592518604381382
192	188	2.1156535633226912	2.1156535633226912
192	189	2.6460025466625710	3.1460025466625710
192	190	1.0807631562928113	1.0807631562928113
192	191	2.1506210730856323	2.1506210730856323
193	188	2.7237953082093909	3.0402963928779450
193	190	2.3996793535803889	2.3996793535803889
193	191	1.3096110109494343	1.3096110109494343
194	187	3.8465048123354499	4.3465048123354499
194	189	2.5251770611316462	3.0251770611316462
194	190	2.4952959744286849	2.4952959744286849
194	191	1.9811461329240709	1.9811461329240709
194	192	3.2815928078019474	3.7815928078019474
194	193	0.9747948502120832	0.9747948502120832
195	190	3.8207399806843676	3.8207399806843676
195	191	2.4502685567096503	2.4502685567096503
195	193	1.4935477896605778	1.4935477896605778
195	194	2.1398775665911329	2.1398775665911329
196	191	3.1189436801858328	3.4559151454585426
196	193	2.4668029917283629	2.4668029917283629
196	195	1.5422535459515085	1.5422535459515085
197	192	4.3665008556958815	4.8665008556958815
197	193	2.1023370329231237	2.1023370329231237
197	194	2.6985847012324302	3.1985847012324302
197	195	1.0759098475244109	1.0759098475244109
197	196	2.1460013979492190	2.1460013979492190
198	193	2.5858522101241999	2.7964819200451339
198	195	2.4037674596349796	2.4037674596349796
198	196	1.3093166156434435	1.3093166156434435
199	187	4.4702406056846504	4.9702406056846504
199	189	3.8910524966874007	4.3910524966874007
199	192	3.5184653713236664	4.0184653713236660
199	194	2.6401265644614704	3.1401265644614704
199	195	2.4904106087149573	2.4904106087149573
199	196	1.9810141342251968	1.9810141342251968
199	197	2.5733795479850219	3.0733795479850219
199	198	0.9801862067995054	0.9801862067995054
200	195	3.8322753032630632	3.8322753032630632
200	196	2.4573172363372215	2.4573172363372215
200	198	1.4984225038352827	1.4984225038352827
200	199	2.1505415597007187	2.1505415597007187
201	196	3.5183842045422749	3.7039295027894603
201	198	2.4770036334248688	2.4770036334248688
201	200	1.5419315808426786	1.5419315808426786
202	197	4.2826510234169186	4.7826510234169186
202	198	2.1167196318832580	2.1167196318832580
202	199	2.6994588917053490	3.1994588917053490
202	200	1.0813269625788478	1.0813269625788478
202	201	2.1514509057842797	2.1514509057842797
