   0.0000000e+00
  -1.4725572e+00
  -1.1162596e+00
   2.9890270e+00
   6.7126517e-01
   6.9883980e-01
  -9.9040313e-01
  -1.3073418e+00
   2.6446210e+00
  -9.3104599e-01
   1.1253650e+00
  -2.4944075e+00
  -1.0340829e+00
  -2.1211065e+00
  -1.2648026e+00
  -1.0958167e+00
  -1.2565715e+00
  -9.6172025e-01
  -1.0285888e+00
  -9.3838321e-01
  -8.7259661e-01
  -9.1017253e-01
  -9.3115633e-01
  -9.6448467e-01
  -8.7859777e-01
  -1.1555773e+00
  -6.5252147e-01
  -8.0008435e-01
  -1.1638206e+00
  -1.0262529e+00
  -1.1378385e+00
  -9.5108702e-01
  -7.0572725e-01
  -7.7219770e-01
  -9.1058374e-01
  -9.8099968e-01
   2.3423340e+00
  -8.6716095e-01
  -1.6679079e+00
  -2.4912933e+00
