  -3.0520362e+00
   1.7491871e+00
  -4.5711430e-01
   1.8045917e+00
   1.0501256e+00
   6.7648842e-01
   2.6801800e+00
   2.6399242e+00
   1.4529026e+00
  -4.8582117e-01
  -1.2325437e+00
  -2.9451429e+00
  -1.3511880e+00
  -4.6197755e-02
  -3.8970627e-01
  -8.8778752e-01
  -9.5824939e-01
  -8.5975883e-01
  -8.8932448e-01
  -1.0235941e+00
  -7.9948782e-01
  -1.1094085e+00
  -8.4871418e-01
  -9.4015819e-01
  -1.0818378e+00
  -9.9077698e-01
  -7.2169514e-01
  -6.8840720e-01
  -1.0217376e+00
  -7.5661182e-01
  -9.1392478e-01
  -6.5736101e-01
  -8.9485174e-01
  -9.6911071e-01
  -8.6045817e-01
  -8.4168924e-01
   2.3320506e+00
  -9.2912791e-01
   5.1465664e-01
   0.0000000e+00
