   1.3960000e+00  -4.8450000e+00  -1.0111000e+01
   1.6800000e+00  -5.6960000e+00  -8.6680000e+00
   3.3000000e-01  -6.0740000e+00  -9.6230000e+00
   1.3240000e+00  -5.7700000e+00  -9.6420000e+00
   2.1390000e+00  -6.7710000e+00  -1.0393000e+01
   2.5840000e+00  -6.2830000e+00  -1.1248000e+01
   1.2420000e+00  -7.9180000e+00  -1.0889000e+01
   1.8700000e+00  -8.9400000e+00  -1.1418000e+01
   2.8470000e+00  -8.9340000e+00  -1.1476000e+01
   1.1080000e+00  -1.0116000e+01  -1.1931000e+01
   8.4100000e-01  -1.1023000e+01  -1.0735000e+01
   1.7100000e-01  -9.7880000e+00  -1.2359000e+01
  -3.7600000e-01  -1.0983000e+01  -1.0259000e+01
  -1.0410000e+00  -1.0392000e+01  -1.0670000e+01
  -7.5400000e-01  -1.1835000e+01  -9.0910000e+00
  -6.2000000e-01  -1.3317000e+01  -9.4890000e+00
  -7.1000000e-02  -1.1636000e+01  -8.2780000e+00
  -6.2500000e-01  -1.3535000e+01  -1.0782000e+01
  -7.1400000e-01  -1.2770000e+01  -1.1387000e+01
  -5.0500000e-01  -1.4890000e+01  -1.1393000e+01
  -6.4000000e-01  -1.4710000e+01  -1.2912000e+01
   4.7100000e-01  -1.5296000e+01  -1.1165000e+01
   4.6200000e-01  -1.4780000e+01  -1.3616000e+01
   1.3090000e+00  -1.4938000e+01  -1.3152000e+01
   4.5100000e-01  -1.4621000e+01  -1.5110000e+01
  -4.9300000e-01  -1.3484000e+01  -1.5567000e+01
   1.4540000e+00  -1.4380000e+01  -1.5430000e+01
  -1.7700000e-01  -1.2293000e+01  -1.5117000e+01
   6.1100000e-01  -1.2211000e+01  -1.4541000e+01
  -9.6200000e-01  -1.1051000e+01  -1.5441000e+01
  -2.4960000e+00  -1.1247000e+01  -1.5475000e+01
  -7.4800000e-01  -1.0324000e+01  -1.4672000e+01
  -2.9700000e+00  -1.2101000e+01  -1.4604000e+01
  -2.3660000e+00  -1.2566000e+01  -1.3993000e+01
  -4.4280000e+00  -1.2407000e+01  -1.4505000e+01
  -5.2720000e+00  -1.1163000e+01  -1.4200000e+01
  -4.7520000e+00  -1.2823000e+01  -1.5448000e+01
  -6.5170000e+00  -1.1235000e+01  -1.4595000e+01
  -6.8370000e+00  -1.2041000e+01  -1.5048000e+01
  -7.4660000e+00  -1.0107000e+01  -1.4366000e+01
  -7.8330000e+00  -1.0058000e+01  -1.2873000e+01
  -6.9830000e+00  -9.1850000e+00  -1.4651000e+01
  -8.2630000e+00  -8.9080000e+00  -1.2420000e+01
  -8.3430000e+00  -8.1360000e+00  -1.3020000e+01
  -8.6440000e+00  -8.7590000e+00  -1.0986000e+01
  -8.4550000e+00  -7.3130000e+00  -1.0538000e+01
  -9.6790000e+00  -9.0420000e+00  -1.0863000e+01
  -9.4610000e+00  -6.5160000e+00  -1.0799000e+01
  -1.0246000e+01  -6.8830000e+00  -1.1256000e+01
  -9.4360000e+00  -5.0640000e+00  -1.0419000e+01
  -9.1310000e+00  -4.9010000e+00  -8.9120000e+00
  -8.6560000e+00  -4.5730000e+00  -1.0985000e+01
  -9.4650000e+00  -5.9440000e+00  -8.1870000e+00
  -9.8680000e+00  -6.7130000e+00  -8.6420000e+00
  -9.2720000e+00  -6.0290000e+00  -6.7090000e+00
  -1.0226000e+01  -5.0790000e+00  -5.9630000e+00
  -9.4920000e+00  -7.0430000e+00  -6.4070000e+00
  -9.8990000e+00  -3.8110000e+00  -5.9290000e+00
  -9.0790000e+00  -3.5080000e+00  -6.3650000e+00
  -1.0749000e+01  -2.7980000e+00  -5.2310000e+00
  -1.0823000e+01  -1.4930000e+00  -6.0440000e+00
  -1.1754000e+01  -3.1800000e+00  -5.1240000e+00
  -1.1316000e+01  -4.7100000e-01  -5.3880000e+00
  -1.1592000e+01  -6.0600000e-01  -4.4600000e+00
  -1.1466000e+01   8.7900000e-01  -6.0140000e+00
  -1.0105000e+01   1.4740000e+00  -6.4010000e+00
  -1.2048000e+01   7.6900000e-01  -6.9140000e+00
  -9.3700000e+00   1.9320000e+00  -5.4170000e+00
  -9.7170000e+00   1.8750000e+00  -4.5040000e+00
  -8.0200000e+00   2.5370000e+00  -5.6800000e+00
  -6.9590000e+00   2.0100000e+00  -4.7210000e+00
  -7.7040000e+00   2.2310000e+00  -6.6570000e+00
  -7.3930000e+00   1.2060000e+00  -3.7920000e+00
  -8.3480000e+00   1.0020000e+00  -3.7790000e+00
  -6.4290000e+00   6.2600000e-01  -2.8000000e+00
  -5.4710000e+00  -2.6300000e-01  -3.6130000e+00
  -5.8580000e+00   1.4250000e+00  -2.3470000e+00
  -5.9440000e+00  -7.0200000e-01  -4.7550000e+00
  -6.8510000e+00  -4.6900000e-01  -5.0320000e+00
  -5.1340000e+00  -1.5610000e+00  -5.6550000e+00
  -3.8840000e+00  -7.6800000e-01  -6.0580000e+00
  -4.8320000e+00  -2.4380000e+00  -5.1110000e+00
  -4.0870000e+00   4.8900000e-01  -6.3680000e+00
  -4.9860000e+00   8.7200000e-01  -6.3240000e+00
  -2.9470000e+00   1.3570000e+00  -6.7770000e+00
  -2.0430000e+00   1.5430000e+00  -5.5500000e+00
  -2.3930000e+00   8.6000000e-01  -7.5610000e+00
  -2.6390000e+00   1.7850000e+00  -4.4090000e+00
  -3.6150000e+00   1.8460000e+00  -4.3800000e+00
  -1.8480000e+00   1.9760000e+00  -3.1550000e+00
  -8.9000000e-01   7.6800000e-01  -2.9920000e+00
  -1.2610000e+00   2.8780000e+00  -3.2470000e+00
  -1.4430000e+00  -4.1600000e-01  -3.0650000e+00
  -2.4050000e+00  -4.8000000e-01  -3.2050000e+00
  -6.2700000e-01  -1.6630000e+00  -2.9300000e+00
   4.6600000e-01  -1.6760000e+00  -4.0030000e+00
  -1.4900000e-01  -1.6700000e+00  -1.9680000e+00
   7.8000000e-02  -1.3730000e+00  -5.2150000e+00
  -8.6200000e-01  -1.1690000e+00  -5.3850000e+00
   1.0430000e+00  -1.3400000e+00  -6.3550000e+00
   2.2320000e+00  -4.4500000e-01  -5.9490000e+00
   1.3990000e+00  -2.3430000e+00  -6.5390000e+00
   1.9330000e+00   7.4800000e-01  -5.5010000e+00
   9.9200000e-01   1.0060000e+00  -5.4530000e+00
   3.0000000e+00   1.7080000e+00  -5.0730000e+00
   3.9390000e+00   1.0420000e+00  -4.0580000e+00
   3.5870000e+00   1.9830000e+00  -5.9370000e+00
   3.3790000e+00   3.8000000e-01  -3.0800000e+00
   2.4040000e+00   3.5500000e-01  -3.0380000e+00
   4.2350000e+00  -3.0700000e-01  -2.0510000e+00
   5.1710000e+00  -1.3060000e+00  -2.7560000e+00
   4.8430000e+00   4.3700000e-01  -1.5560000e+00
   4.5810000e+00  -2.1140000e+00  -3.6030000e+00
   3.6150000e+00  -2.0360000e+00  -3.7270000e+00
   5.3330000e+00  -3.1480000e+00  -4.3840000e+00
   6.5420000e+00  -2.4780000e+00  -5.0410000e+00
   5.6760000e+00  -3.9150000e+00  -3.7080000e+00
   6.2250000e+00  -1.4300000e+00  -5.7440000e+00
   5.2820000e+00  -1.1800000e+00  -5.7880000e+00
   7.2130000e+00  -5.9700000e-01  -6.4850000e+00
   8.3370000e+00  -1.1900000e-01  -5.5500000e+00
   7.6490000e+00  -1.1970000e+00  -7.2680000e+00
   7.9110000e+00   4.8800000e-01  -4.4750000e+00
   6.9460000e+00   5.8300000e-01  -4.3570000e+00
   8.8490000e+00   1.0300000e+00  -3.4430000e+00
   9.8870000e+00  -1.4000000e-02  -3.0230000e+00
   9.3550000e+00   1.8950000e+00  -3.8470000e+00
   9.3880000e+00  -1.1500000e+00  -2.6090000e+00
   8.4160000e+00  -1.2580000e+00  -2.5930000e+00
   1.0294000e+01  -2.2580000e+00  -2.1690000e+00
   1.1151000e+01  -2.7670000e+00  -3.3380000e+00
   1.0947000e+01  -1.8760000e+00  -1.4040000e+00
   1.0484000e+01  -3.0790000e+00  -4.4190000e+00
   9.5170000e+00  -2.9740000e+00  -4.4250000e+00
   1.1127000e+01  -3.5930000e+00  -5.6670000e+00
   1.2415000e+01  -2.8610000e+00  -6.0220000e+00
   1.1390000e+01  -4.6260000e+00  -5.5030000e+00
   1.2362000e+01  -1.5580000e+00  -5.9390000e+00
   1.1521000e+01  -1.1330000e+00  -5.6830000e+00
   1.3537000e+01  -6.8700000e-01  -6.2450000e+00
   1.4876000e+01  -1.3070000e+00  -5.7900000e+00
   1.3579000e+01  -5.4700000e-01  -7.3180000e+00
   1.4884000e+01  -1.9370000e+00  -4.6390000e+00
   1.4065000e+01  -2.0050000e+00  -4.1090000e+00
   1.6143000e+01  -2.5650000e+00  -4.1300000e+00
   1.6602000e+01  -3.6470000e+00  -5.1200000e+00
   1.6909000e+01  -1.8110000e+00  -4.0310000e+00
   1.5733000e+01  -4.6020000e+00  -5.3490000e+00
   1.4862000e+01  -4.5800000e+00  -4.8980000e+00
   1.6066000e+01  -5.7160000e+00  -6.2960000e+00
   1.6392000e+01  -5.1490000e+00  -7.6830000e+00
   1.6939000e+01  -6.2340000e+00  -5.9270000e+00
   1.5621000e+01  -4.1720000e+00  -8.0760000e+00
   1.4905000e+01  -3.8730000e+00  -7.4870000e+00
   1.5791000e+01  -3.4970000e+00  -9.3930000e+00
   1.7240000e+01  -3.0130000e+00  -9.5270000e+00
   1.5608000e+01  -4.2190000e+00  -1.0175000e+01
   1.7701000e+01  -2.2500000e+00  -8.5680000e+00
   1.7123000e+01  -2.0010000e+00  -7.8190000e+00
   1.9109000e+01  -1.7440000e+00  -8.6210000e+00
   2.0060000e+01  -2.9370000e+00  -8.7740000e+00
   1.9214000e+01  -1.1170000e+00  -9.4900000e+00
   1.9847000e+01  -3.9420000e+00  -7.9610000e+00
   1.9115000e+01  -3.8810000e+00  -7.3130000e+00
   2.0714000e+01  -5.1610000e+00  -8.0270000e+00
   2.0753000e+01  -5.6960000e+00  -9.4670000e+00
   2.1718000e+01  -4.8990000e+00  -7.7210000e+00
   1.9592000e+01  -5.8470000e+00  -1.0052000e+01
   1.8778000e+01  -5.6260000e+00  -9.5590000e+00
   1.9496000e+01  -6.3570000e+00  -1.1456000e+01
   2.0284000e+01  -5.4510000e+00  -1.2417000e+01
   1.9936000e+01  -7.3430000e+00  -1.1486000e+01
   2.0059000e+01  -4.1620000e+00  -1.2307000e+01
   1.9413000e+01  -3.8470000e+00  -1.1642000e+01
   2.0767000e+01  -3.1690000e+00  -1.3182000e+01
   2.2280000e+01  -3.4140000e+00  -1.3115000e+01
   2.0438000e+01  -3.3080000e+00  -1.4199000e+01
   2.2756000e+01  -3.5110000e+00  -1.1900000e+01
   2.2137000e+01  -3.4090000e+00  -1.1151000e+01
   2.4207000e+01  -3.7570000e+00  -1.1636000e+01
   2.4620000e+01  -5.0720000e+00  -1.2328000e+01
   2.4782000e+01  -2.9430000e+00  -1.2056000e+01
   2.3880000e+01  -6.1110000e+00  -1.2032000e+01
   2.3137000e+01  -6.0070000e+00  -1.1406000e+01
   2.4135000e+01  -7.4620000e+00  -1.2614000e+01
   2.4145000e+01  -8.5000000e+00  -1.1489000e+01
   2.3345000e+01  -7.6950000e+00  -1.3312000e+01
   2.3527000e+01  -9.6260000e+00  -1.1747000e+01
   2.3098000e+01  -9.7520000e+00  -1.2618000e+01
   2.3466000e+01  -1.0721000e+01  -1.0728000e+01
   2.4878000e+01  -1.1186000e+01  -1.0347000e+01
   2.2957000e+01  -1.0359000e+01  -9.8460000e+00
   2.5700000e+01  -1.1332000e+01  -1.1356000e+01
   2.5388000e+01  -1.1148000e+01  -1.2261000e+01
   2.7112000e+01  -1.1778000e+01  -1.1161000e+01
   2.8023000e+01  -1.0534000e+01  -1.1128000e+01
   2.7186000e+01  -1.2287000e+01  -1.0216000e+01
   2.7477000e+01  -9.4710000e+00  -1.0593000e+01
   2.6557000e+01  -9.5240000e+00  -1.0259000e+01
   2.8215000e+01  -8.1720000e+00  -1.0478000e+01
   2.7956000e+01  -7.5660000e+00  -9.0840000e+00
   2.9275000e+01  -8.3540000e+00  -1.0590000e+01
