2	1	1.6493092493525880	1.6493092493525880
3	1	1.6494438456643501	1.6494438456643501
3	2	1.6495035616815110	1.6495035616815110
4	1	1.0103365775819462	1.0103365775819462
4	2	1.0092873723573490	1.0092873723573490
4	3	1.0094716439801545	1.0094716439801545
5	1	2.0438475970580585	2.0438475970580585
5	2	2.0442866726562579	2.0442866726562579
5	3	2.0435131514135145	2.0435131514135145
5	4	1.4728750795637744	1.4728750795637744
6	1	2.2767348883216707	2.7767348883216707
6	2	2.6177806884185610	3.1177806884185610
6	3	1.9976224515955572	2.4976224515955572
6	4	2.0973931438812285	2.0973931438812285
6	5	1.0934555317890164	1.0934555317890164
7	4	2.4795471360714250	2.4795471360714250
7	5	1.5330887123712060	1.5330887123712060
7	6	2.1334493197636561	2.1334493197636561
8	4	3.6526032485501485	3.6940615071736231
8	5	2.4318571092891133	2.4318571092891133
8	7	1.3395208098420828	1.3395208098420828
9	1	4.3684861819549905	4.8684861819549905
9	2	4.0482325304985878	4.5482325304985878
9	3	4.1474057198642749	4.6474057198642749
9	5	2.5527669302151357	2.5527669302151357
9	6	2.2561702990403605	2.7561702990403605
9	7	2.0403034088095793	2.0403034088095793
9	8	1.0132887051576187	1.0132887051576187
10	5	3.7883063498085789	3.7883063498085789
10	7	2.4333010500141548	2.4333010500141548
10	8	1.4631848823713276	1.4631848823713276
10	9	2.1159607746836886	2.1159607746836886
11	7	2.7823959991969089	3.1252570621600850
11	8	2.4138545937980576	2.4138545937980576
11	10	1.5251209788079116	1.5251209788079116
12	6	4.3774891504572961	4.8774891504572961
12	8	2.0852553800434150	2.0852553800434150
12	9	2.1530086662980183	2.6530086662980183
12	10	1.0926014827008075	1.0926014827008075
12	11	2.1436800134348437	2.1436800134348437
13	8	3.0507436296988604	3.3997803114918530
13	10	2.4450488747671293	2.4450488747671293
13	11	1.3383728927320657	1.3383728927320657
14	2	4.8270012522537247	5.0000000000000000
14	9	4.2019907215279897	4.7019907215279897
14	10	2.5795369739548244	2.5795369739548244
14	11	2.0382200568142781	2.0382200568142781
14	12	3.0996044123446755	3.5996044123446755
14	13	1.0111434121824663	1.0111434121824663
15	10	3.7948525663061030	3.7948525663061030
15	11	2.4358107479851547	2.4358107479851547
15	13	1.4564937349676450	1.4564937349676450
15	14	2.1201275905001560	2.1201275905001560
16	11	3.5980581314339832	3.7114847711273775
16	13	2.4422788538575997	2.4422788538575997
16	15	1.5230187129513530	1.5230187129513530
17	3	4.1452352620664019	4.6452352620664019
17	6	4.3013139351025167	4.8013139351025167
17	9	4.5289611051611880	5.0000000000000000
17	12	4.4908467468613935	4.9908467468613935
17	13	2.0752409498658184	2.0752409498658184
17	14	2.5760096905363459	3.0760096905363459
17	15	1.0942344355758478	1.0942344355758478
17	16	2.1436070068928208	2.1436070068928208
18	13	2.6425224192759771	2.8828805573791958
18	15	2.4318268852860374	2.4318268852860374
18	16	1.3410108127826550	1.3410108127826550
19	14	1.8370165391616231	2.3370165391616231
19	15	2.5667148263880017	2.5667148263880017
19	16	2.0317979722403465	2.0317979722403465
19	17	3.3653174804821422	3.8653174804821422
19	18	1.0121981031398901	1.0121981031398901
20	15	3.7963669474907196	3.7963669474907196
20	16	2.4259971145902064	2.4259971145902064
20	18	1.4553748657991890	1.4553748657991890
20	19	2.1188914554549485	2.1188914554549485
21	16	2.7528343895973029	3.0625712801779996
21	18	2.4355672850488022	2.4355672850488022
21	20	1.5252016260153918	1.5252016260153918
22	14	3.5883302554912904	4.0883302554912904
22	18	2.0857710804400398	2.0857710804400398
22	19	2.0540466893413800	2.5540466893413800
22	20	1.0893176763460670	1.0893176763460670
22	21	2.1470344664210645	2.1470344664210645
23	18	3.6035462853084326	3.6640742847206709
23	20	2.4339182402044646	2.4339182402044646
23	21	1.3462473769705203	1.3462473769705203
24	19	4.1901168596965856	4.6901168596965856
24	20	2.5640916520280630	2.5640916520280630
24	21	2.0221528132166497	2.0221528132166497
24	22	2.2449794861344712	2.7449794861344712
24	23	1.0168107001797331	1.0168107001797331
25	20	3.7883476609202589	3.7883476609202589
25	21	2.4125675120087338	2.4125675120087338
25	23	1.4648706427531411	1.4648706427531411
25	24	2.1110125532549535	2.1110125532549535
26	21	2.6267715206166327	2.9277377032250111
26	23	2.4110213603367350	2.4110213603367350
26	25	1.5325057911799205	1.5325057911799205
27	22	4.3255389980577661	4.8255389980577661
27	23	2.0945768068991901	2.0945768068991901
27	24	2.1340946011518511	2.6340946011518511
27	25	1.0855975313162822	1.0855975313162822
27	26	2.1527814566276824	2.1527814566276824
28	23	2.5445742039487493	2.7376616185448737
28	25	2.4289790036144794	2.4289790036144794
28	26	1.3417142020564583	1.3417142020564583
29	19	3.7403260848914202	4.2403260848914197
29	22	2.3552172389544221	2.8552172389544221
29	24	1.8984752940853720	2.3984752940853720
29	25	2.5524341323528756	2.5524341323528756
29	26	2.0462360567637341	2.0462360567637341
29	27	2.8051402854062268	3.3051402854062268
29	28	1.0137904122647849	1.0137904122647849
30	25	3.7855776309567317	3.7855776309567317
30	26	2.4390838443973171	2.4390838443973171
30	28	1.4593440307206518	1.4593440307206518
30	29	2.1100118483079697	2.1100118483079697
31	26	3.5958684653208679	3.7109450623862816
31	28	2.4386235871901194	2.4386235871901194
31	30	1.5228151562156198	1.5228151562156198
32	24	4.7756492269423463	5.0000000000000000
32	27	4.2300561453422816	4.7300561453422816
32	28	2.0742138269715573	2.0742138269715573
32	29	2.6860627475455274	3.1860627475455274
32	30	1.0954478536196948	1.0954478536196948
32	31	2.1364582841703235	2.1364582841703235
33	28	3.4788559827163050	3.6529488359143656
33	30	2.4356984624538391	2.4356984624538391
33	31	1.3373305500137176	1.3373305500137176
34	19	4.5393755468350703	5.0000000000000000
34	29	3.8029622810259465	4.3029622810259465
34	30	2.5641577564572744	2.5641577564572744
34	31	2.0370196366260185	2.0370196366260185
34	32	2.6834910253530344	3.1834910253530344
34	33	1.0135669686804136	1.0135669686804136
35	30	3.7941779083221729	3.7941779083221729
35	31	2.4429756445777357	2.4429756445777357
35	33	1.4546356932235684	1.4546356932235684
35	34	2.1204025561199491	2.1204025561199491
36	31	2.7517256653613122	2.9908721639970381
36	33	2.4519855219800966	2.4519855219800966
36	35	1.5230646736104152	1.5230646736104152
37	32	4.0646270725092819	4.5646270725092819
37	33	2.0799456723674306	2.0799456723674306
37	34	2.2484846003219694	2.7484846003219694
37	35	1.0929176547206096	1.0929176547206096
37	36	2.1434908443937886	2.1434908443937886
38	33	3.0465591397300629	3.3940680728498696
38	35	2.4364067804863780	2.4364067804863780
38	36	1.3436614156847702	1.3436614156847702
39	29	4.8439192259889152	5.0000000000000000
39	32	4.1478269751020944	4.6478269751020944
39	34	3.8042402015144576	4.3042402015144576
39	35	2.5628478300515640	2.5628478300515640
39	36	2.0257287577560836	2.0257287577560836
39	37	1.9595378958462377	2.4595378958462377
39	38	1.0155811144364582	1.0155811144364582
40	35	3.7968342075997978	3.7968342075997978
40	36	2.4274838825417544	2.4274838825417544
40	38	1.4600794498930518	1.4600794498930518
40	39	2.1099215625231169	2.1099215625231169
41	36	2.7711098995794052	3.1045252021704171
41	38	2.4302999814837665	2.4302999814837665
41	40	1.5280857305792754	1.5280857305792754
42	37	4.2649445138066397	4.7649445138066397
42	38	2.0839313808280742	2.0839313808280742
42	39	2.0294413682126478	2.5294413682126478
42	40	1.0896687570082935	1.0896687570082935
42	41	2.1458359676359198	2.1458359676359198
43	38	3.0493057600821274	3.3986292372238718
43	40	2.4368346271341457	2.4368346271341457
43	41	1.3378987256141617	1.3378987256141617
44	39	3.7378763515650633	4.2378763515650633
44	40	2.5601574170351338	2.5601574170351338
44	41	2.0371818770055827	2.0371818770055827
44	42	3.3495375295369016	3.8495375295369016
44	43	1.0148384107827211	1.0148384107827211
45	40	3.7948346472540799	3.7948346472540799
45	41	2.4383523125258169	2.4383523125258169
45	43	1.4545518210087918	1.4545518210087918
45	44	2.1111935013162535	2.1111935013162535
46	41	3.6530428738349170	3.7025129352765433
46	43	2.4280018533765593	2.4280018533765593
46	45	1.5246435649029590	1.5246435649029590
47	19	3.9786177878642457	4.4786177878642457
47	22	2.3127157023836933	2.8127157023836933
47	24	3.4534783013373480	3.9534783013373480
47	29	2.9476649377571107	3.4476649377571107
47	39	4.5904002811502282	5.0000000000000000
47	42	4.7547379083052093	5.0000000000000000
47	43	2.0795607709321695	2.0795607709321695
47	44	2.2484751691629299	2.7484751691629299
47	45	1.0929903933704088	1.0929903933704088
47	46	2.1461915105600435	2.1461915105600435
48	43	3.3728762803018588	3.6059814432351778
48	45	2.4331761136424133	2.4331761136424133
48	46	1.3354624667133086	1.3354624667133086
49	14	4.1466876108211448	4.6466876108211448
49	19	3.2619836290067870	3.7619836290067870
49	22	2.1360995695027625	2.6360995695027625
49	24	4.3034563356147162	4.8034563356147162
49	29	4.3094963275217024	4.8094963275217024
49	44	3.6261845067488321	4.1261845067488316
49	45	2.5666482033967970	2.5666482033967970
49	46	2.0346815475646309	2.0346815475646309
49	47	1.9171096398794507	2.4171096398794507
49	48	1.0105904214863721	1.0105904214863721
50	45	3.8024835305363269	3.8024835305363269
50	46	2.4316136617480990	2.4316136617480990
50	48	1.4518501988841699	1.4518501988841699
50	49	2.1240400184553976	2.1240400184553976
51	46	2.8417301740327670	3.1755863888923752
51	48	2.4322339525629517	2.4322339525629517
51	50	1.5236466125713022	1.5236466125713022
52	44	4.0885850862966429	4.5885850862966429
52	47	4.2339532269206828	4.7339532269206828
52	48	2.0826418319048488	2.0826418319048488
52	49	2.6195947969460387	3.1195947969460387
52	50	1.0904778768961734	1.0904778768961734
52	51	2.1487570825944888	2.1487570825944888
53	48	2.7015562901005534	3.0098636009054220
53	50	2.4310649929609078	2.4310649929609078
53	51	1.3359139193825342	1.3359139193825342
54	22	3.4483575224305150	3.9483575224305150
54	47	3.9923867002731930	4.4923867002731930
54	49	2.2827061286073871	2.7827061286073871
54	50	2.5589845642363751	2.5589845642363751
54	51	2.0357644755717712	2.0357644755717712
54	52	3.2834582144013522	3.7834582144013522
54	53	1.0106765061086556	1.0106765061086556
55	50	3.8008247789131304	3.8008247789131304
55	51	2.4343381030580002	2.4343381030580002
55	53	1.4528475487813592	1.4528475487813592
55	54	2.1305391336466912	2.1305391336466912
56	51	3.6440552289639214	3.7041875909432731
56	53	2.4318447730066963	2.4318447730066963
56	55	1.5291151035811488	1.5291151035811488
57	49	4.6193440469066775	5.0000000000000000
57	52	4.5218887611947425	5.0000000000000000
57	53	2.0818340471805139	2.0818340471805139
57	54	2.5422935029271412	3.0422935029271412
57	55	1.0892038376722715	1.0892038376722715
57	56	2.1542831754437488	2.1542831754437488
58	53	2.5936933683218664	2.8290281170527587
58	55	2.4233745067570518	2.4233745067570518
58	56	1.3467742943789784	1.3467742943789784
59	2	4.8192901850807477	5.0000000000000000
59	22	4.7736692463214130	5.0000000000000000
59	49	4.0756518395024788	4.5756518395024788
59	54	1.9258031560249185	2.4258031560249185
59	55	2.5522923030091986	2.5522923030091986
59	56	2.0333256010781962	2.0333256010781962
59	57	3.4154548639535638	3.9154548639535638
59	58	1.0116778143262848	1.0116778143262848
60	55	3.7943912555243915	3.7943912555243915
60	56	2.4344325827592752	2.4344325827592752
60	58	1.4514520315876769	1.4514520315876769
60	59	2.1191557281143836	2.1191557281143836
61	56	3.0213708611856180	3.3754172833663985
61	58	2.4466765213243864	2.4466765213243864
61	60	1.5316334417869026	1.5316334417869026
62	54	4.1414197329783917	4.6414197329783917
62	57	4.4885048687103737	4.9885048687103737
62	58	2.0797312326356017	2.0797312326356017
62	59	2.5456146667613515	3.0456146667613515
62	60	1.0935360076376119	1.0935360076376119
62	61	2.1427197670250764	2.1427197670250764
63	58	2.6181351502388561	2.6808376734128125
63	60	2.4332648848820368	2.4332648848820368
63	61	1.3395525372302504	1.3395525372302504
64	22	3.6032362187813334	4.1032362187813334
64	24	3.4740090243325934	3.9740090243325934
64	47	4.4602904898779858	4.9602904898779858
64	49	3.7136967910045531	4.2136967910045531
64	54	2.2368403663485790	2.7368403663485790
64	57	3.0711781896754662	3.5711781896754662
64	59	2.5562863391094197	3.0562863391094197
64	60	2.5617355445088359	2.5617355445088359
64	61	2.0418393668454922	2.0418393668454922
64	62	2.8786709599527742	3.3786709599527742
64	63	1.0117000543639423	1.0117000543639423
65	60	3.7979934175824974	3.7979934175824974
65	61	2.4448519382572025	2.4448519382572025
65	63	1.4526644485220919	1.4526644485220919
65	64	2.1197341814482304	2.1197341814482304
66	61	2.8697522208423973	3.2011710541077454
66	63	2.4373220960718309	2.4373220960718309
66	65	1.5250655723607394	1.5250655723607394
67	22	3.5358041465536312	4.0358041465536312
67	24	1.7921131826900658	2.2921131826900658
67	27	2.8915510510545817	3.3915510510545817
67	29	3.9292633346558690	4.4292633346558690
67	54	4.8038602667431496	5.0000000000000000
67	62	4.6624242675176824	5.0000000000000000
67	63	2.0875550292147991	2.0875550292147991
67	64	2.7448590520781115	3.2448590520781115
67	65	1.0898302620133107	1.0898302620133107
67	66	2.1424829054160477	2.1424829054160477
68	63	2.6180535974645647	2.6634418126182777
68	65	2.4333873509986041	2.4333873509986041
68	66	1.3353714838950279	1.3353714838950279
69	54	4.5250498351826227	5.0000000000000000
69	57	4.3386397861108739	4.8386397861108739
69	59	4.0954737830631949	4.5954737830631949
69	62	2.4658898186124145	2.9658898186124145
69	64	2.3713007767446532	2.8713007767446532
69	65	2.5645533724217948	2.5645533724217948
69	66	2.0325872674992356	2.0325872674992356
69	67	3.1551360116383762	3.6551360116383762
69	68	1.0100326727388587	1.0100326727388587
70	65	3.8032266564063728	3.8032266564063728
70	66	2.4327112446815415	2.4327112446815415
70	68	1.4514038032194891	1.4514038032194891
70	69	2.1227932070741140	2.1227932070741140
71	66	2.8607169050743222	3.1971837325934058
71	68	2.4331621400967109	2.4331621400967109
71	70	1.5230407085826707	1.5230407085826707
72	62	3.6939702055868313	4.1939702055868313
72	64	4.6542841847117131	5.0000000000000000
72	68	2.0825047418913560	2.0825047418913560
72	69	2.0466667456474021	2.5466667456474021
72	70	1.0919940476028243	1.0919940476028243
72	71	2.1419892623447021	2.1419892623447021
73	68	2.9189883625226494	3.2751113568548686
73	70	2.4331711818119177	2.4331711818119177
73	71	1.3357286401062138	1.3357286401062138
74	64	4.6457514647878435	5.0000000000000000
74	69	2.8350407458684685	3.3350407458684685
74	70	2.5636749013866797	2.5636749013866797
74	71	2.0333996164059815	2.0333996164059815
74	72	2.2090187066901734	2.7090187066901734
74	73	1.0099212840612881	1.0099212840612881
75	70	3.8023011453592162	3.8023011453592162
75	71	2.4332860497689115	2.4332860497689115
75	73	1.4517348242706034	1.4517348242706034
75	74	2.1237690552411777	2.1237690552411777
76	71	2.8078732903547654	3.1265495608891505
76	73	2.4343329681865629	2.4343329681865629
76	75	1.5235993567864199	1.5235993567864199
77	72	4.2492182032364578	4.7492182032364578
77	73	2.0842420684747727	2.0842420684747727
77	74	2.0935302294397746	2.5935302294397746
77	75	1.0913491650246501	1.0913491650246501
77	76	2.1448906732045807	2.1448906732045807
