   3.1935000e+01  -2.5726000e+01   4.9165000e+01
   3.0383000e+01  -2.5225000e+01   4.9411000e+01
   3.0737000e+01  -2.6836000e+01   4.9396000e+01
   3.1073000e+01  -2.5920000e+01   4.9655000e+01
   3.1317000e+01  -2.5881000e+01   5.1107000e+01
   3.1800000e+01  -2.6815000e+01   5.1407000e+01
   3.0001000e+01  -2.5773000e+01   5.1886000e+01
   3.0115000e+01  -2.5815000e+01   5.3220000e+01
   3.1020000e+01  -2.5992000e+01   5.3640000e+01
   2.8948000e+01  -2.6101000e+01   5.4055000e+01
   2.8477000e+01  -2.7514000e+01   5.3727000e+01
   2.9255000e+01  -2.6066000e+01   5.5103000e+01
   2.7390000e+01  -2.7631000e+01   5.2955000e+01
   2.6909000e+01  -2.6800000e+01   5.2638000e+01
   2.7072000e+01  -2.8884000e+01   5.2284000e+01
   2.6041000e+01  -2.8644000e+01   5.1189000e+01
   2.7990000e+01  -2.9267000e+01   5.1828000e+01
   2.5103000e+01  -2.7723000e+01   5.1454000e+01
   2.4948000e+01  -2.7449000e+01   5.2416000e+01
   2.4019000e+01  -2.7487000e+01   5.0512000e+01
   2.3327000e+01  -2.8807000e+01   5.0188000e+01
   2.3298000e+01  -2.6803000e+01   5.0958000e+01
   2.2349000e+01  -2.8744000e+01   4.9265000e+01
   2.1873000e+01  -2.7852000e+01   4.9157000e+01
   2.1514000e+01  -2.9930000e+01   4.9060000e+01
   2.1069000e+01  -3.0412000e+01   5.0445000e+01
   2.0641000e+01  -2.9662000e+01   4.8473000e+01
   2.1001000e+01  -2.9459000e+01   5.1387000e+01
   2.1274000e+01  -2.8508000e+01   5.1166000e+01
   2.0976000e+01  -2.9803000e+01   5.2805000e+01
   2.0465000e+01  -2.8617000e+01   5.3612000e+01
   2.0274000e+01  -3.0634000e+01   5.2934000e+01
   2.0859000e+01  -2.8546000e+01   5.4888000e+01
   2.1504000e+01  -2.9239000e+01   5.5250000e+01
   2.0197000e+01  -2.7682000e+01   5.5853000e+01
   1.9671000e+01  -2.6421000e+01   5.5180000e+01
   1.9357000e+01  -2.8227000e+01   5.6291000e+01
   1.8380000e+01  -2.6440000e+01   5.4808000e+01
   1.7935000e+01  -2.7346000e+01   5.4696000e+01
   1.7846000e+01  -2.5364000e+01   5.3978000e+01
   1.8657000e+01  -2.5290000e+01   5.2685000e+01
   1.6809000e+01  -2.5592000e+01   5.3733000e+01
   1.9691000e+01  -2.4441000e+01   5.2681000e+01
   1.9927000e+01  -2.3941000e+01   5.3532000e+01
   2.0726000e+01  -2.4505000e+01   5.1661000e+01
   2.1623000e+01  -2.3278000e+01   5.1781000e+01
   2.1326000e+01  -2.5403000e+01   5.1829000e+01
   2.2935000e+01  -2.3508000e+01   5.1877000e+01
   2.3291000e+01  -2.4442000e+01   5.1728000e+01
   2.3890000e+01  -2.2418000e+01   5.1965000e+01
   2.3883000e+01  -2.1625000e+01   5.0664000e+01
   2.3611000e+01  -2.1763000e+01   5.2791000e+01
   2.4078000e+01  -2.2325000e+01   4.9543000e+01
   2.4235000e+01  -2.3322000e+01   4.9596000e+01
   2.3983000e+01  -2.1704000e+01   4.8233000e+01
   2.4355000e+01  -2.2729000e+01   4.7161000e+01
   2.2961000e+01  -2.1363000e+01   4.8073000e+01
   2.5249000e+01  -2.3656000e+01   4.7555000e+01
   2.5847000e+01  -2.3444000e+01   4.8343000e+01
   2.5673000e+01  -2.4712000e+01   4.6654000e+01
   2.4649000e+01  -2.5851000e+01   4.6656000e+01
   2.5733000e+01  -2.4307000e+01   4.5640000e+01
   2.3476000e+01  -2.5577000e+01   4.7242000e+01
   2.3351000e+01  -2.4703000e+01   4.7736000e+01
   2.2309000e+01  -2.6425000e+01   4.7071000e+01
   2.1875000e+01  -2.6420000e+01   4.5609000e+01
   2.2554000e+01  -2.7446000e+01   4.7363000e+01
   2.2532000e+01  -2.5588000e+01   4.4797000e+01
   2.3166000e+01  -2.4907000e+01   4.5190000e+01
   2.2191000e+01  -2.5472000e+01   4.3391000e+01
   2.0743000e+01  -2.5022000e+01   4.3248000e+01
   2.2840000e+01  -2.4727000e+01   4.2926000e+01
   2.0502000e+01  -2.3721000e+01   4.3431000e+01
   2.1276000e+01  -2.3082000e+01   4.3543000e+01
   1.9173000e+01  -2.3163000e+01   4.3258000e+01
   1.8218000e+01  -2.3782000e+01   4.4271000e+01
   1.9212000e+01  -2.2084000e+01   4.3417000e+01
