2	1	1.6645218532659749	1.6645218532659749
3	1	1.6328839517859191	1.6328839517859191
3	2	1.6712979985627929	1.6712979985627929
4	1	1.0097984947503149	1.0097984947503149
4	2	1.0073261636629909	1.0073261636629909
4	3	1.0176929792427576	1.0176929792427576
5	1	2.0521254834926643	2.0521254834926643
5	2	2.0830664895773245	2.0830664895773245
5	3	1.9825178435514772	1.9825178435514772
5	4	1.4741675617106751	1.4741675617106751
6	1	2.0346961377888464	2.5346961377888464
6	2	2.4520815523130590	2.9520815523130590
6	3	2.6374522079504796	3.1374522079504796
6	4	2.1087555571948107	2.1087555571948107
6	5	1.0897238182218469	1.0897238182218469
7	4	2.3781314093211914	2.3781314093211914
7	5	1.5215219354317571	1.5215219354317571
7	6	2.1470447130882020	2.1470447130882020
8	4	3.5194435676412996	3.6410505216851661
8	5	2.4653285785063224	2.4653285785063224
8	7	1.3411137162821065	1.3411137162821065
9	1	3.7646865599491388	4.2646865599491388
9	2	4.4610875517407358	4.9610875517407358
9	3	3.9071703834382188	4.4071703834382188
9	5	2.5812359442716590	2.5812359442716590
9	6	2.1823168719279162	2.6823168719279162
9	7	2.0190933608924588	2.0190933608924588
9	8	1.0092046373258505	1.0092046373258505
10	5	3.8630675634785372	3.8630675634785372
10	7	2.5031416260371691	2.5031416260371691
10	8	1.4678766978189952	1.4678766978189952
10	9	2.1126154406327715	2.1126154406327715
11	7	2.9165490160103746	3.1553322392442809
11	8	2.5053951784099855	2.5053951784099855
11	10	1.5389090291501986	1.5389090291501986
12	6	4.0998605884520298	4.5998605884520298
12	8	2.0552503497141164	2.0552503497141164
12	9	2.0980320834182420	2.5980320834182420
12	10	1.0918992627527500	1.0918992627527500
12	11	2.1083047692399699	2.1083047692399699
13	8	3.6909481932948114	3.7221157548233430
13	10	2.4571961663652355	2.4571961663652355
13	11	1.3351247132758803	1.3351247132758803
14	9	4.4492769444620706	4.9492769444620706
14	10	2.6084159944303371	2.6084159944303371
14	11	2.0425540384528387	2.0425540384528387
14	12	2.5285786542513744	3.0285786542513744
14	13	1.0047114013486655	1.0047114013486655
15	10	3.8035384840960931	3.8035384840960931
15	11	2.4308323677292094	2.4308323677292094
15	13	1.4480973724166468	1.4480973724166468
15	14	2.0923606285724259	2.0923606285724259
16	11	2.8800203270117244	3.2417314472749652
16	13	2.3954035150679731	2.3954035150679731
16	15	1.5347384141931164	1.5347384141931164
17	12	4.2047548234164704	4.7047548234164704
17	13	2.0700294683892784	2.0700294683892784
17	14	2.6472721762225224	3.1472721762225224
17	15	1.0900486227687272	1.0900486227687272
17	16	2.1675691453792183	2.1675691453792183
18	13	3.4083549199365231	3.6209160688156388
18	15	2.4873268783977709	2.4873268783977709
18	16	1.3410969390763656	1.3410969390763656
19	14	4.7756451721401483	5.0000000000000000
19	15	2.8659966852737289	2.8659966852737289
19	16	2.8110334398580159	2.8110334398580159
19	17	2.0979998422762023	2.5979998422762023
19	18	2.1189870221405305	2.1189870221405305
20	15	3.8441960147734404	3.8441960147734404
20	16	2.4384021407470904	2.4384021407470904
20	18	1.4508824900728532	1.4508824900728532
20	19	3.2267844675466013	3.2267844675466013
21	16	2.8870423302053583	3.2272740522002419
21	18	2.4392519345077917	2.4392519345077917
21	20	1.5272963039305760	1.5272963039305760
22	17	4.1279913194928897	4.6279913194928897
22	18	2.0902141038659181	2.0902141038659181
22	19	3.7726168793977886	4.2726168793977886
22	20	1.0868169119037472	1.0868169119037472
22	21	2.1303570123338473	2.1303570123338473
23	18	2.7895222232252999	3.1280237626143124
23	20	2.4302357910293400	2.4302357910293400
23	21	1.3300127818934675	1.3300127818934675
24	17	4.6284990815550726	5.0000000000000000
24	19	2.7955406393539275	3.2955406393539275
24	20	2.5283727968794492	2.5283727968794492
24	21	2.0117020157070993	2.0117020157070993
24	22	3.4223744010372004	3.9223744010372004
24	23	1.0088592567846137	1.0088592567846137
25	20	3.8249105871902427	3.8249105871902427
25	21	2.4694961024468141	2.4694961024468141
25	23	1.4547525562789023	1.4547525562789023
25	24	2.1142010311226320	2.1142010311226320
26	21	3.5768884844201851	3.6765606855553505
26	23	2.3850635211666802	2.3850635211666802
26	25	1.5257945471130769	1.5257945471130769
27	22	4.5292097288182278	5.0000000000000000
27	23	2.0902939984605036	2.0902939984605036
27	24	2.6487987586526849	3.1487987586526849
27	25	1.0910655342370588	1.0910655342370588
27	26	2.1454475057665707	2.1454475057665707
28	23	2.6905393348911111	3.0639206785324360
28	25	2.4027758946684976	2.4027758946684976
28	26	1.3380661418629494	1.3380661418629494
29	19	3.7489065569767770	4.2489065569767774
29	24	2.3288817943296394	2.8288817943296394
29	25	2.4205441536976759	2.4205441536976759
29	26	1.9764541482159395	1.9764541482159395
29	27	2.1136422649660318	2.6136422649660318
29	28	1.0021027891389176	1.0021027891389176
30	25	3.8153769145393741	3.8153769145393741
30	26	2.5244845018339874	2.5244845018339874
30	28	1.4630710850809672	1.4630710850809672
30	29	2.0958313386339071	2.0958313386339071
31	26	3.1003149762507900	3.4180695256113482
31	28	2.4297590415512413	2.4297590415512413
31	30	1.5332025306527517	1.5332025306527517
32	19	4.6904737164886461	5.0000000000000000
32	24	4.0651228724266302	4.5651228724266302
32	27	4.2094415189269387	4.7094415189269387
32	28	2.0490256220945589	2.0490256220945589
32	29	2.0878604605788094	2.5878604605788094
32	30	1.0880280327270981	1.0880280327270981
32	31	2.1719431392188890	2.1719431392188890
33	28	3.4440386296500964	3.6573580415087239
33	30	2.4966545616083944	2.4966545616083944
33	31	1.3452486758960216	1.3452486758960216
34	29	4.0205951104400990	4.5205951104400990
34	30	2.8446880321047510	2.8446880321047510
34	31	2.8320130649416146	2.8320130649416146
34	32	2.0148899629216332	2.5148899629216332
34	33	2.1444547092442874	2.1444547092442874
35	30	3.8549492863071499	3.8549492863071499
35	31	2.4454905438377796	2.4454905438377796
35	33	1.4546704094055123	1.4546704094055123
35	34	3.2667913921767346	3.2667913921767346
36	31	2.9331805686944588	3.2737466676265385
36	33	2.4615791679326500	2.4615791679326500
36	35	1.5336355499270351	1.5336355499270351
37	17	3.8160898034240880	4.3160898034240880
37	19	2.2115687006294866	2.7115687006294866
37	24	4.2466338168613529	4.7466338168613529
37	29	4.6027545150907940	5.0000000000000000
37	32	4.2576912089096846	4.7576912089096846
37	33	2.0849270970468017	2.0849270970468017
37	34	3.8306545895069233	4.3306545895069233
37	35	1.0901142141995950	1.0901142141995950
37	36	2.1553118103884645	2.1553118103884645
38	33	3.4038032216505769	3.6319048717497520
38	35	2.4358140323103479	2.4358140323103479
38	36	1.3376927898437658	1.3376927898437658
39	19	3.5108297199910412	4.0108297199910412
39	35	2.5209799681869742	2.5209799681869742
39	36	2.0122629052884711	2.0122629052884711
39	37	1.9085551162929733	2.4085551162929733
39	38	1.0065276946015946	1.0065276946015946
40	35	3.8398627579641436	3.8398627579641436
40	36	2.4885899622075147	2.4885899622075147
40	38	1.4584985430229267	1.4584985430229267
40	39	2.1120525561642634	2.1120525561642634
41	36	3.0303119387038087	3.3634610617980547
41	38	2.4296067583047272	2.4296067583047272
41	40	1.5327031676094363	1.5327031676094363
42	37	4.1490308719119771	4.6490308719119771
42	38	2.0840239921843509	2.0840239921843509
42	39	2.7019110301470448	3.2019110301470448
42	40	1.0854280261721643	1.0854280261721643
42	41	2.0953760998923325	2.0953760998923325
43	38	3.4242599590964962	3.6351797075269734
43	40	2.4662737074380039	2.4662737074380039
43	41	1.3310616063879239	1.3310616063879239
44	39	3.6527452653803945	4.1527452653803945
44	40	2.5588143738849047	2.5588143738849047
44	41	1.9977877765168151	1.9977877765168151
44	42	2.9107606746923946	3.4107606746923946
44	43	1.0079092221028632	1.0079092221028632
45	40	3.8587460398424764	3.8587460398424764
45	41	2.4754502620735481	2.4754502620735481
45	43	1.4648689361168123	1.4648689361168123
45	44	2.1374643856682152	2.1374643856682152
46	41	2.8952360610176808	3.1395438815564329
46	43	2.5110296692791199	2.5110296692791199
46	45	1.5388914841534485	1.5388914841534485
47	42	4.3579741888253922	4.8579741888253922
47	43	2.0642039627904993	2.0642039627904993
47	44	2.5429606631824813	3.0429606631824813
47	45	1.0894810691333736	1.0894810691333736
47	46	2.1441459838359886	2.1441459838359886
48	43	2.7581547135719617	2.9401483130279717
48	45	2.4666878602693125	2.4666878602693125
48	46	1.3376060705603869	1.3376060705603869
49	39	3.2215649481531208	3.7215649481531208
49	42	4.1743887212944566	4.6743887212944566
49	44	2.6889850435723597	3.1889850435723597
49	45	2.5775247816461442	2.5775247816461442
49	46	2.0186156147221292	2.0186156147221292
49	47	3.3322180269709185	3.8322180269709185
49	48	1.0065609767917678	1.0065609767917678
50	45	3.8531241869423316	3.8531241869423316
50	46	2.4692543408891678	2.4692543408891678
50	48	1.4597701873925224	1.4597701873925224
50	49	2.1224019411977535	2.1224019411977535
51	46	2.8186755917983377	3.0915976013001720
51	48	2.4535447825544168	2.4535447825544168
51	50	1.5317013416459497	1.5317013416459497
52	47	4.6761561176229751	5.0000000000000000
52	48	2.0884661835902447	2.0884661835902447
52	49	2.5812054215690896	3.0812054215690896
52	50	1.0882012681484985	1.0882012681484985
52	51	2.1310544338425519	2.1310544338425519
53	48	2.6820991453984067	2.9175474238025068
53	50	2.4512423380808359	2.4512423380808359
53	51	1.3333604163916075	1.3333604163916075
54	37	4.5114628413841125	5.0000000000000000
54	39	3.8185164637691864	4.3185164637691864
54	42	4.0396837697301242	4.5396837697301242
54	44	4.1324132772984994	4.6324132772984994
54	47	3.5028307381040968	4.0028307381040964
54	49	2.4147765260899887	2.9147765260899887
54	50	2.5636234122819217	2.5636234122819217
54	51	2.0208414089185722	2.0208414089185722
54	52	3.2400879528124111	3.7400879528124111
54	53	1.0133222587114123	1.0133222587114123
55	50	3.8268723521957204	3.8268723521957204
55	51	2.4490440992354552	2.4490440992354552
55	53	1.4513610853264600	1.4513610853264600
55	54	2.1266370165122201	2.1266370165122201
56	51	2.8443029350268088	3.1581237497403740
56	53	2.4360026683072422	2.4360026683072422
56	55	1.5259036666841070	1.5259036666841070
57	52	4.5359367208366503	5.0000000000000000
57	53	2.0535746881961705	2.0535746881961705
57	54	2.7233729483637963	3.2233729483637963
57	55	1.0901623732270345	1.0901623732270345
57	56	2.1427062327813404	2.1427062327813404
58	53	2.7183604518409039	3.0002645390235210
58	55	2.4577042132852358	2.4577042132852358
58	56	1.3381606779456634	1.3381606779456634
59	47	2.8174187168898275	3.3174187168898275
59	49	4.1512179761325996	4.6512179761325996
59	52	4.2556757759410848	4.7556757759410848
59	54	2.5498012248921076	3.0498012248921076
59	55	2.6013360029031234	2.6013360029031234
59	56	2.0367353780007837	2.0367353780007837
59	57	3.3747594001319015	3.8747594001319015
59	58	1.0089682849326826	1.0089682849326826
60	55	3.8096589086163610	3.8096589086163610
60	56	2.4142566143639326	2.4142566143639326
60	58	1.4548639111614532	1.4548639111614532
60	59	2.1519014847339086	2.1519014847339086
61	56	2.9546017457543354	3.3078547067241768
61	58	2.4642944223448624	2.4642944223448624
61	60	1.5288525108721245	1.5288525108721245
62	57	4.3144963965236363	4.8144963965236363
62	58	2.0290613593482085	2.0290613593482085
62	59	2.5928132462597024	3.0928132462597024
62	60	1.0812719361936665	1.0812719361936665
62	61	2.1135914931698601	2.1135914931698601
63	58	2.6848134834853479	2.8821574982283766
63	60	2.4469111140374511	2.4469111140374511
63	61	1.3336303835770993	1.3336303835770993
64	47	3.9504822788725447	4.4504822788725447
64	49	4.2814847544914798	4.7814847544914798
64	52	3.0529091654120837	3.5529091654120837
64	54	3.6615747436544201	4.1615747436544197
64	57	4.0869624201542374	4.5869624201542374
64	59	2.2255057952108195	2.7255057952108195
64	60	2.5562132148942514	2.5562132148942514
64	61	2.0187515944266154	2.0187515944266154
64	62	3.2232986065609524	3.7232986065609524
64	63	1.0142307429771587	1.0142307429771587
65	60	3.8141727805646144	3.8141727805646144
65	61	2.4426244082953072	2.4426244082953072
65	63	1.4567367641410036	1.4567367641410036
65	64	2.1488829656358677	2.1488829656358677
66	61	2.8072861394962554	3.1298511100136368
66	63	2.4307624318308045	2.4307624318308045
66	65	1.5343070096952569	1.5343070096952569
67	52	4.6650572774328678	5.0000000000000000
67	62	4.6506773268782302	5.0000000000000000
67	63	2.0605984567595894	2.0605984567595894
67	64	2.6815250197291305	3.1815250197291305
67	65	1.0811271895572692	1.0811271895572692
67	66	2.1436356966611654	2.1436356966611654
68	63	2.6877255799592290	2.9798018755144793
68	65	2.4514701711422058	2.4514701711422058
68	66	1.3359992514967955	1.3359992514967955
69	52	3.6028540171275965	4.1028540171275960
69	54	4.3112594148433008	4.8112594148433008
69	57	3.2023644695478204	3.7023644695478204
69	59	3.8540934066043766	4.3540934066043766
69	62	4.1013170674163746	4.6013170674163746
69	64	2.4573925263976211	2.9573925263976211
69	65	2.5721265520965333	2.5721265520965333
69	66	2.0297164826645129	2.0297164826645129
69	67	3.2105694193733334	3.7105694193733334
69	68	1.0127512034058517	1.0127512034058517
70	65	3.8287581537621307	3.8287581537621307
70	66	2.4509216633748205	2.4509216633748205
70	68	1.4528293086250710	1.4528293086250710
70	69	2.1267754935582648	2.1267754935582648
71	66	2.8017069070991147	3.0651896029584935
71	68	2.4593228742887749	2.4593228742887749
71	70	1.5282224968897686	1.5282224968897686
72	67	4.4689754335556406	4.9689754335556406
72	68	2.0258087273975303	2.0258087273975303
72	69	2.4611066858132733	2.9611066858132733
72	70	1.0834694273490137	1.0834694273490137
72	71	2.1340932500713268	2.1340932500713268
73	68	2.7042203783452812	2.9450310794749948
73	70	2.4488840315539648	2.4488840315539648
73	71	1.3337169864705181	1.3337169864705181
74	57	3.9620419003177725	4.4620419003177725
74	59	4.2747850293800767	4.7747850293800767
74	62	2.5634515671475824	3.0634515671475824
74	64	3.9304838787360188	4.4304838787360188
74	67	4.2950893897518858	4.7950893897518858
74	69	2.6183267571070128	3.1183267571070128
74	70	2.5485952993757173	2.5485952993757173
74	71	2.0143778195760604	2.0143778195760604
74	72	3.2638846347574502	3.7638846347574502
74	73	1.0160575771086999	1.0160575771086999
75	70	3.8239127866623734	3.8239127866623734
75	71	2.4419092939746965	2.4419092939746965
75	73	1.4618912408247062	1.4618912408247062
75	74	2.1671559703906871	2.1671559703906871
76	71	2.7993533160134025	3.0988889167494649
76	73	2.4578814047874644	2.4578814047874644
76	75	1.5353256983454684	1.5353256983454684
77	62	4.3868732183447046	4.8868732183447046
77	72	4.5428106920280751	5.0000000000000000
77	73	2.0703277518306122	2.0703277518306122
77	74	2.6309134005979065	3.1309134005979065
77	75	1.0907405741055023	1.0907405741055023
77	76	2.1279412585877462	2.1279412585877462
78	73	2.7445516364498852	3.0174730914339123
78	75	2.4718343391093183	2.4718343391093183
78	76	1.3367939257791381	1.3367939257791381
79	62	3.7693211206903401	4.2693211206903401
79	64	4.3530746595053698	4.8530746595053698
79	67	3.1139620847192391	3.6139620847192391
79	69	4.0535037729674217	4.5535037729674217
79	72	4.2747692758548199	4.7747692758548199
79	74	2.6931133788627584	3.1931133788627584
79	75	2.6170787149033177	2.6170787149033177
79	76	2.0410722672164261	2.0410722672164261
79	77	3.3132347335615169	3.8132347335615169
79	78	1.0164182210094430	1.0164182210094430
80	75	3.8404693723554155	3.8404693723554155
80	76	2.4407347254464180	2.4407347254464180
80	78	1.4587453513207849	1.4587453513207849
80	79	2.1405919741977919	2.1405919741977919
81	76	2.7779971491116013	3.0665363730527120
81	78	2.4531999510842972	2.4531999510842972
81	80	1.5322891372061607	1.5322891372061607
82	77	4.5578390823837580	5.0000000000000000
82	78	2.0669772616069100	2.0669772616069100
82	79	2.6700338653319569	3.1700338653319569
82	80	1.0912456185479054	1.0912456185479054
82	81	2.1208189455962523	2.1208189455962523
83	78	2.7422233784354453	3.0126250910778509
83	80	2.4709498173779250	2.4709498173779250
83	81	1.3365182378104685	1.3365182378104685
84	67	3.8713886517932821	4.3713886517932821
84	69	4.4396138750880709	4.9396138750880709
84	72	2.9575697562180707	3.4575697562180707
84	74	4.1141618557870494	4.6141618557870494
84	77	4.3284324405498626	4.8284324405498626
84	79	2.5064413419958136	3.0064413419958136
84	80	2.6292398140907571	2.6292398140907571
84	81	2.0442490063590588	2.0442490063590588
84	82	3.3079518142787272	3.8079518142787272
84	83	1.0117514516915702	1.0117514516915702
85	80	3.8357077573767273	3.8357077573767273
85	81	2.4418263656533812	2.4418263656533812
85	83	1.4511626373360087	1.4511626373360087
85	84	2.1159551034934556	2.1159551034934556
86	81	2.7842068424619844	3.0631459246109842
86	83	2.4550786138126002	2.4550786138126002
86	85	1.5371291422648909	1.5371291422648909
87	82	4.3897429380320618	4.8897429380320618
87	83	2.0416941494748917	2.0416941494748917
87	84	2.5234174012866237	3.0234174012866237
87	85	1.0853266789312792	1.0853266789312792
87	86	2.1440083955059501	2.1440083955059501
88	83	2.7814796525811563	3.0866795006834460
88	85	2.4645109048247282	2.4645109048247282
88	86	1.3358053750453320	1.3358053750453320
89	72	3.7765089280209914	4.2765089280209914
89	74	4.4737160426956493	4.9737160426956493
89	77	3.1338060833440502	3.6338060833440502
89	79	4.1036786905852463	4.6036786905852463
89	82	4.3912956219560142	4.8912956219560142
89	84	2.6732027410106589	3.1732027410106589
89	85	2.5975136188285903	2.5975136188285903
89	86	2.0319008341944249	2.0319008341944249
89	87	3.3641738496307956	3.8641738496307956
89	88	1.0097965141552032	1.0097965141552032
90	85	3.8384465607847136	3.8384465607847136
90	86	2.4489299704156506	2.4489299704156506
90	88	1.4526644485220939	1.4526644485220939
90	89	2.1207868822679941	2.1207868822679941
91	86	2.9452487529675522	3.2785337483632548
91	88	2.4588757593664634	2.4588757593664634
91	90	1.5332501426707912	1.5332501426707912
92	87	4.6413183515078327	5.0000000000000000
92	88	2.0375085275895164	2.0375085275895164
92	89	2.4909524753870103	2.9909524753870103
92	90	1.0850046082851446	1.0850046082851446
92	91	2.1377490498185234	2.1377490498185234
93	88	2.7540594426567289	3.0334590996881938
93	90	2.4639693585757110	2.4639693585757110
93	91	1.3363730766518753	1.3363730766518753
94	77	3.8039713105188957	4.3039713105188957
94	79	4.3552744294849974	4.8552744294849974
94	82	2.9050401572813485	3.4050401572813485
94	84	3.8707210931065443	4.3707210931065443
94	87	4.1898901135971496	4.6898901135971496
94	89	2.5515650004536625	3.0515650004536625
94	90	2.6011655079982892	2.6011655079982892
94	91	2.0359032393510255	2.0359032393510255
94	92	3.2695974676203390	3.7695974676203390
94	93	1.0143574320721469	1.0143574320721469
95	90	3.8361502838131880	3.8361502838131880
95	91	2.4455193722397701	2.4455193722397701
95	93	1.4554525069544524	1.4554525069544524
95	94	2.1307165461412274	2.1307165461412274
96	91	2.8172842381521566	3.1401941080347391
96	93	2.4264974757868591	2.4264974757868591
96	95	1.5264324420032482	1.5264324420032482
97	92	4.6043671540105979	5.0000000000000000
97	93	2.0672544594219646	2.0672544594219646
97	94	2.5645765537896219	3.0645765537896219
97	95	1.0887731627846087	1.0887731627846087
97	96	2.1270456036484031	2.1270456036484031
98	93	2.6711380191312584	2.9431075692973159
98	95	2.4472590790515008	2.4472590790515008
98	96	1.3336495041801650	1.3336495041801650
99	82	3.6454120785109416	4.1454120785109421
99	84	4.4512674091809803	4.9512674091809803
99	87	3.1120336117119778	3.6120336117119778
99	89	4.0841896571253944	4.5841896571253944
99	92	4.3238673368451259	4.8238673368451259
99	94	2.2926074955321574	2.7926074955321574
99	95	2.5583011941520883	2.5583011941520883
99	96	2.0183639414139360	2.0183639414139360
99	97	3.4769272787287200	3.9769272787287200
99	98	1.0110232440453581	1.0110232440453581
100	95	3.8252080989143584	3.8252080989143584
100	96	2.4520736122718665	2.4520736122718665
100	98	1.4531255967740710	1.4531255967740710
100	99	2.1309232740762862	2.1309232740762862
101	96	2.8382525042914062	3.1358923684484585
101	98	2.4543369776784929	2.4543369776784929
101	100	1.5337040131655129	1.5337040131655129
102	97	4.5630357516661082	5.0000000000000000
102	98	2.0323075554649694	2.0323075554649694
102	99	2.5271171352605064	3.0271171352605064
102	100	1.0845275469069471	1.0845275469069471
102	101	2.1394522663523019	2.1394522663523019
103	98	2.7425032409326646	3.0210296825592922
103	100	2.4617004285655879	2.4617004285655879
103	101	1.3337214851684740	1.3337214851684740
104	87	3.9735253749956527	4.4735253749956527
104	89	4.4558851192600057	4.9558851192600057
104	92	3.1860691946259432	3.6860691946259432
104	94	4.0156130001949961	4.5156130001949961
104	97	4.4115102702987832	4.9115102702987832
104	99	2.7341671126946809	3.2341671126946809
104	100	2.6156091068812248	2.6156091068812248
104	101	2.0447012006647820	2.0447012006647820
104	102	3.4423099570678781	3.9423099570678781
104	103	1.0145215621168433	1.0145215621168433
105	100	3.8381122964290659	3.8381122964290659
105	101	2.4532423443271969	2.4532423443271969
105	103	1.4518171372455970	1.4518171372455970
105	104	2.1054636069046646	2.1054636069046646
106	101	2.8556046225136473	3.1554994891146944
106	103	2.4572995340413835	2.4572995340413835
106	105	1.5331307837232935	1.5331307837232935
107	102	4.6150020792792743	5.0000000000000000
107	103	2.0757432403840319	2.0757432403840319
107	104	2.6160063732374144	3.1160063732374144
107	105	1.0906791462203722	1.0906791462203722
107	106	2.1344345855518738	2.1344345855518738
108	103	2.7657527385009644	3.0621711861224195
108	105	2.4574859104377382	2.4574859104377382
108	106	1.3346613802759111	1.3346613802759111
109	92	3.6968321601243677	4.1968321601243677
109	94	4.4595636084043422	4.9595636084043422
109	97	3.1466317104103956	3.6466317104103956
109	99	3.9617327980515924	4.4617327980515924
109	102	4.2740028000146690	4.7740028000146690
109	104	2.5853627972934254	3.0853627972934254
109	105	2.6074907478263460	2.6074907478263460
109	106	2.0442490063590588	2.0442490063590588
109	107	3.3570238969876218	3.8570238969876218
109	108	1.0142332078964877	1.0142332078964877
110	105	3.8336723908023229	3.8336723908023229
110	106	2.4524188059954195	2.4524188059954195
110	108	1.4505891906394450	1.4505891906394450
110	109	2.1041720461977436	2.1041720461977436
111	106	2.8611061637783335	3.1827644455722517
111	108	2.4374636407544630	2.4374636407544630
111	110	1.5355682987089829	1.5355682987089829
112	107	4.6284257928197032	5.0000000000000000
112	108	2.0786125180032955	2.0786125180032955
112	109	2.5719114401105809	3.0719114401105809
112	110	1.0896866522078723	1.0896866522078723
112	111	2.1167959278116539	2.1167959278116539
113	108	2.7399520200549974	3.0368769783516725
113	110	2.4636129972055270	2.4636129972055270
113	111	1.3335145293546673	1.3335145293546673
114	97	3.7506142334003556	4.2506142334003556
114	99	4.2801208756888176	4.7801208756888176
114	102	3.1058894950192792	3.6058894950192792
114	104	4.0035715593343468	4.5035715593343468
114	107	4.3685399824471114	4.8685399824471114
114	109	2.5273986453700439	3.0273986453700439
114	110	2.6312116980585198	2.6312116980585198
114	111	2.0498597513000738	2.0498597513000738
114	112	3.3285501622094591	3.8285501622094591
114	113	1.0101712726067793	1.0101712726067793
115	110	3.8349977835717191	3.8349977835717191
115	111	2.4507961971571608	2.4507961971571608
115	113	1.4430997886494199	1.4430997886494199
115	114	2.0783231221347656	2.0783231221347656
116	111	2.8558904626995938	3.1661419965812678
116	113	2.4332190612437672	2.4332190612437672
116	115	1.5276040062791143	1.5276040062791143
117	112	4.5294724647918612	5.0000000000000000
117	113	2.0702098927403472	2.0702098927403472
117	114	2.5911767608231635	3.0911767608231635
117	115	1.0902054852182683	1.0902054852182683
117	116	2.1146578919532115	2.1146578919532115
118	113	2.6963007431403510	2.9412505051726403
118	115	2.4601449144308551	2.4601449144308551
118	116	1.3325648201869957	1.3325648201869957
119	102	3.7762346087261847	4.2762346087261847
119	104	4.5445891546973955	5.0000000000000000
119	107	3.0973581403608508	3.5973581403608508
119	109	3.8451397095115158	4.3451397095115158
119	112	4.2495299086560951	4.7495299086560951
119	114	2.5222604084143176	3.0222604084143176
119	115	2.6666237079873119	2.6666237079873119
119	116	2.0678858769284152	2.0678858769284152
119	117	3.4513645166691904	3.9513645166691904
119	118	1.0084071598317814	1.0084071598317814
120	115	3.8122461882727356	3.8122461882727356
120	116	2.4309243098048121	2.4309243098048121
120	118	1.4318163290031303	1.4318163290031303
120	119	2.0525420823944147	2.0525420823944147
121	116	2.9065181180400934	3.2419265938939432
121	118	2.4270024721866275	2.4270024721866275
121	120	1.5297114106915723	1.5297114106915723
122	117	4.5926251359506747	5.0000000000000000
122	118	2.0298541819549500	2.0298541819549500
122	119	2.5941155637910396	3.0941155637910396
122	120	1.0860322278827643	1.0860322278827643
122	121	2.1195294289063318	2.1195294289063318
123	118	2.7664264804479157	3.0592600641667582
123	120	2.4707500885358682	2.4707500885358682
123	121	1.3338227018610831	1.3338227018610831
124	107	3.7458065356611958	4.2458065356611954
124	109	4.4264157192214038	4.9264157192214038
124	112	3.0504461053456851	3.5504461053456851
124	114	4.0478973878176490	4.5478973878176490
124	117	4.2844775109474584	4.7844775109474584
124	119	2.5432531362883757	3.0432531362883757
124	120	2.6484102778836971	2.6484102778836971
124	121	2.0500663403899884	2.0500663403899884
124	122	3.4755893494783465	3.9755893494783465
124	123	1.0104429721661683	1.0104429721661683
125	120	3.8311781477764772	3.8311781477764772
125	121	2.4394759683177858	2.4394759683177858
125	123	1.4484695371322103	1.4484695371322103
125	124	2.0999454754826372	2.0999454754826372
126	121	2.8303334168854919	3.1234588430908903
126	123	2.4603570879041112	2.4603570879041112
126	125	1.5291896546864290	1.5291896546864290
127	122	4.5244656924203710	5.0000000000000000
127	123	2.0353935737345736	2.0353935737345736
127	124	2.4437474676114967	2.9437474676114967
127	125	1.0866696830223985	1.0866696830223985
127	126	2.1193984995748205	2.1193984995748205
128	123	2.7224002673097467	2.9681199555957849
128	125	2.4543785364120181	2.4543785364120181
128	126	1.3334785337604800	1.3334785337604800
129	112	3.7631960630932060	4.2631960630932060
129	114	4.3086478351628035	4.8086478351628035
129	117	2.8997611635600919	3.3997611635600919
129	119	3.8361394539820752	4.3361394539820752
129	122	3.9475871950275438	4.4475871950275438
129	124	2.6207428258719903	3.1207428258719903
129	125	2.5726278393891331	2.5726278393891331
129	126	2.0237067475303823	2.0237067475303823
129	127	3.3398285048008987	3.8398285048008987
129	128	1.0148911271658649	1.0148911271658649
130	125	3.8250423527066992	3.8250423527066992
130	126	2.4393306458944841	2.4393306458944841
130	128	1.4543043010319401	1.4543043010319401
130	129	2.1447062735955242	2.1447062735955242
131	126	2.8256755515718788	3.1608613834818708
131	128	2.4191145074179516	2.4191145074179516
131	130	1.5288080324226454	1.5288080324226454
132	127	4.5670032402485425	5.0000000000000000
132	128	2.0793126268072339	2.0793126268072339
132	129	2.6114389424850182	3.1114389424850182
132	130	1.0856067427940930	1.0856067427940930
132	131	2.1274844300252820	2.1274844300252820
133	128	2.6627555769940980	2.9262519449250917
133	130	2.4568363803884052	2.4568363803884052
133	131	1.3358476709565354	1.3358476709565354
134	117	3.6459269616295646	4.1459269616295646
134	119	4.3284240775596308	4.8284240775596308
134	122	2.9597926406658472	3.4597926406658472
134	124	4.0986568532771610	4.5986568532771610
134	127	4.1739204289547152	4.6739204289547152
134	129	2.4377978097613129	2.9377978097613129
134	130	2.6125091387399966	2.6125091387399966
134	131	2.0461852311069011	2.0461852311069011
134	132	3.2913566054996966	3.7913566054996966
134	133	1.0126011060629951	1.0126011060629951
135	130	3.8295344364556905	3.8295344364556905
135	131	2.4497326384730234	2.4497326384730234
135	133	1.4493643434278356	1.4493643434278356
135	134	2.1035831336079878	2.1035831336079878
136	131	2.8025400444321846	3.1094741682075173
136	133	2.4268986381800124	2.4268986381800124
136	135	1.5325619073955867	1.5325619073955867
137	132	4.5195374139902107	5.0000000000000000
137	133	2.0493240348954092	2.0493240348954092
137	134	2.4966718853836318	2.9966718853836318
137	135	1.0798722146624575	1.0798722146624575
137	136	2.1511517845098709	2.1511517845098709
138	133	2.6884285245234461	2.9719943353807725
138	135	2.4544082789951629	2.4544082789951629
138	136	1.3363046059937080	1.3363046059937080
139	122	3.6867791132830150	4.1867791132830146
139	124	4.3195493675236918	4.8195493675236918
139	127	2.9451839664368502	3.4451839664368502
139	129	3.7123815755832994	4.2123815755832990
139	132	4.0855446962953685	4.5855446962953685
139	134	2.3606589166218477	2.8606589166218477
139	135	2.5823129167473100	2.5823129167473100
139	136	2.0351928655535323	2.0351928655535323
139	137	3.3609643627160479	3.8609643627160479
139	138	1.0163168797181314	1.0163168797181314
140	135	3.8260482223829850	3.8260482223829850
140	136	2.4424014821482563	2.4424014821482563
140	138	1.4519769281913544	1.4519769281913544
140	139	2.1336018841386508	2.1336018841386508
141	136	2.9046088922280178	3.2463239329150233
141	138	2.4320575651081957	2.4320575651081957
141	140	1.5270903706067960	1.5270903706067960
142	137	4.6138121862443144	5.0000000000000000
142	138	2.0650714273361106	2.0650714273361106
142	139	2.6722809648375367	3.1722809648375367
142	140	1.0896022209962679	1.0896022209962679
142	141	2.1228151120622822	2.1228151120622822
143	138	2.7435481681062948	3.0536089736721390
143	140	2.4526063687432602	2.4526063687432602
143	141	1.3351647838375607	1.3351647838375607
144	127	3.5068786732907751	4.0068786732907746
144	129	4.3925525242210925	4.8925525242210925
144	132	3.3508577996249942	3.8508577996249942
144	134	4.2198094405665429	4.7198094405665429
144	137	4.5424067568398465	5.0000000000000000
144	139	2.4685205620381359	2.9685205620381359
144	140	2.5804811566837684	2.5804811566837684
144	141	2.0323951387464008	2.0323951387464008
144	142	3.3723641271508717	3.8723641271508717
144	143	1.0173539207178601	1.0173539207178601
145	140	3.8254032467179195	3.8254032467179195
145	141	2.4443950171770514	2.4443950171770514
145	143	1.4569577893679686	1.4569577893679686
145	144	2.1428254711945165	2.1428254711945165
146	141	2.8529492343588689	3.1559367160408680
146	143	2.4698601174965349	2.4698601174965349
146	145	1.5301512997086268	1.5301512997086268
147	142	4.7340595283242175	5.0000000000000000
147	143	2.0824125431815848	2.0824125431815848
147	144	2.5762749885357428	3.0762749885357428
147	145	1.0893732142842507	1.0893732142842507
147	146	2.1430569287818750	2.1430569287818750
148	143	2.7573213189948609	3.0533543118369044
148	145	2.4412890037846808	2.4412890037846808
148	146	1.3334447870084452	1.3334447870084452
149	132	3.6633555694611544	4.1633555694611548
149	134	4.4802337569981097	4.9802337569981097
149	137	3.3931841626663930	3.8931841626663930
149	139	3.8147223787971107	4.3147223787971107
149	142	4.2149204459659355	4.7149204459659355
149	144	2.6774121750516020	3.1774121750516020
149	145	2.5467667737741513	2.5467667737741513
149	146	2.0211823272530354	2.0211823272530354
149	147	3.3837088719643318	3.8837088719643318
149	148	1.0144875553697041	1.0144875553697041
150	145	3.8270465113452703	3.8270465113452703
150	146	2.4574999491353000	2.4574999491353000
150	148	1.4562668024781733	1.4562668024781733
150	149	2.1337703719004071	2.1337703719004071
151	146	2.8762117076051483	3.1871374545838287
151	148	2.4540258759841969	2.4540258759841969
151	150	1.5307338109547333	1.5307338109547333
152	147	4.5591499851406345	5.0000000000000000
152	148	2.0735349044566385	2.0735349044566385
152	149	2.5757443973553280	3.0757443973553280
152	150	1.0917627947498483	1.0917627947498483
152	151	2.1393279318514962	2.1393279318514962
153	148	2.7573838138319959	3.0526493017703134
153	150	2.4578909658485673	2.4578909658485673
153	151	1.3352445468901950	1.3352445468901950
154	137	3.8593315019667092	4.3593315019667092
154	139	4.3787961015689447	4.8787961015689447
154	142	3.0756019032332746	3.5756019032332746
154	144	4.2375868457947341	4.7375868457947341
154	147	4.4502036674575391	4.9502036674575391
154	149	2.6689596267955467	3.1689596267955467
154	150	2.6413036553944345	2.6413036553944345
154	151	2.0620283703188957	2.0620283703188957
154	152	3.3952230802482135	3.8952230802482135
154	153	1.0118404024350873	1.0118404024350873
155	150	3.8260623361362005	3.8260623361362005
155	151	2.4485369100750760	2.4485369100750760
155	153	1.4402197748954841	1.4402197748954841
155	154	2.0671434396287065	2.0671434396287065
156	151	2.8197613452991428	3.1223316145378339
156	153	2.4309095005779211	2.4309095005779211
156	155	1.5363580311893450	1.5363580311893450
157	152	4.6442491802133450	5.0000000000000000
157	153	2.0799129789488791	2.0799129789488791
157	154	2.5043532519628537	3.0043532519628537
157	155	1.0880537670538166	1.0880537670538166
157	156	2.1324138904068315	2.1324138904068315
158	153	2.7288548589809474	3.0128073662703176
158	155	2.4705807009689038	2.4705807009689038
158	156	1.3377148425580092	1.3377148425580092
159	142	3.6898992450416430	4.1898992450416426
159	144	4.4234808617553592	4.9234808617553592
159	147	3.2227918203889403	3.7227918203889403
159	149	4.0037459206004993	4.5037459206004993
159	152	4.0612891968483753	4.5612891968483753
159	154	2.4401807298688967	2.9401807298688967
159	155	2.6068191345008955	2.6068191345008955
159	156	2.0373939236190926	2.0373939236190926
159	157	3.4111473909435679	3.9111473909435679
159	158	1.0159306078665031	1.0159306078665031
160	155	3.8407022795317012	3.8407022795317012
160	156	2.4422559243453588	2.4422559243453588
160	158	1.4584632323099547	1.4584632323099547
160	159	2.1440792895786309	2.1440792895786309
161	156	2.8681173703948466	3.1869771144693813
161	158	2.4689777236743140	2.4689777236743140
161	160	1.5328613766417363	1.5328613766417363
162	157	4.5677211684902375	5.0000000000000000
162	158	2.0747387787381815	2.0747387787381815
162	159	2.6541586989529327	3.1541586989529327
162	160	1.0893126273021905	1.0893126273021905
162	161	2.1133182438998639	2.1133182438998639
163	158	2.7257257430634891	2.9618507246549477
163	160	2.4634278962453919	2.4634278962453919
163	161	1.3364628689192972	1.3364628689192972
164	147	3.8569664213973489	4.3569664213973489
164	149	4.5073240540694295	5.0000000000000000
164	152	3.2888161578595394	3.7888161578595394
164	154	3.9677863727263452	4.4677863727263452
164	157	4.1446349402968705	4.6446349402968705
164	159	2.3819392671099329	2.8819392671099329
164	160	2.5956213129037140	2.5956213129037140
164	161	2.0347800863975452	2.0347800863975452
164	162	3.2763973865177238	3.7763973865177238
164	163	1.0167767699942802	1.0167767699942802
165	160	3.8356080352403055	3.8356080352403055
165	161	2.4471389417031473	2.4471389417031473
165	163	1.4585499648623628	1.4585499648623628
165	164	2.1412414623297393	2.1412414623297393
166	161	2.8536068925456033	3.1716449438623440
166	163	2.4579513827576007	2.4579513827576007
166	165	1.5351224706843423	1.5351224706843423
167	162	4.5705763583100705	5.0000000000000000
167	163	2.0707822193557681	2.0707822193557681
167	164	2.6562994202425494	3.1562994202425494
167	165	1.0914004764521599	1.0914004764521599
167	166	2.1421862664110232	2.1421862664110232
168	163	2.7344053872222331	3.0239784833940897
168	165	2.4526485683847978	2.4526485683847978
168	166	1.3343919963788757	1.3343919963788757
169	152	3.9548778699767535	4.4548778699767535
169	154	4.3069695525230669	4.8069695525230669
169	157	3.0841975336155625	3.5841975336155625
169	159	3.9648229715309897	4.4648229715309897
169	162	4.1426201123622137	4.6426201123622137
169	164	2.3594294012923607	2.8594294012923607
169	165	2.5640588916793621	2.5640588916793621
169	166	2.0237294779688328	2.0237294779688328
169	167	3.3016358988351397	3.8016358988351397
169	168	1.0141227736324636	1.0141227736324636
170	165	3.8351581453702788	3.8351581453702788
170	166	2.4594968997744240	2.4594968997744240
170	168	1.4527942042835933	1.4527942042835933
170	169	2.1236209642965949	2.1236209642965949
171	166	3.7017646968077780	3.7352400447631879
171	168	2.4570997130763748	2.4570997130763748
171	170	1.5278259063126274	1.5278259063126274
172	157	4.4677061658810011	4.9677061658810011
172	167	4.4832922392357171	4.9832922392357171
172	168	2.0812287236149709	2.0812287236149709
172	169	2.5366644631632149	3.0366644631632149
172	170	1.0911324392574906	1.0911324392574906
172	171	2.1492505670582025	2.1492505670582025
173	168	2.8213142498794874	3.1536470486187413
173	170	2.4401155710334699	2.4401155710334699
173	171	1.3344931622155276	1.3344931622155276
174	152	4.3209927629676956	4.8209927629676956
174	157	3.4858604320635878	3.9858604320635878
174	169	2.3773787405529370	2.8773787405529370
174	170	2.6085716398059691	2.6085716398059691
174	171	2.0533372835459844	2.0533372835459844
174	172	3.3944796244487101	3.8944796244487101
174	173	1.0124811109349159	1.0124811109349159
175	170	3.8317010582768583	3.8317010582768583
175	171	2.4811974931472092	2.4811974931472092
175	173	1.4472100745917988	1.4472100745917988
175	174	2.0395139126762531	2.0395139126762531
176	171	3.4220451999806047	3.6228575496633546
176	173	2.3440038395872995	2.3440038395872995
176	175	1.5245802701071529	1.5245802701071529
177	154	4.4829056506856766	4.9829056506856766
177	157	2.2283121251897517	2.7283121251897517
177	169	3.9880579130990279	4.4880579130990279
177	172	4.6733319004626575	5.0000000000000000
177	173	2.1171180883455691	2.1171180883455691
177	174	2.6074138093029178	3.1074138093029178
177	175	1.0895953377286440	1.0895953377286440
177	176	2.1413540109005789	2.1413540109005789
