   0.0000000e+00
   7.5938277e-01
  -1.3227762e+00
  -1.1884865e+00
  -2.8046540e+00
   1.4677405e+00
  -1.2281738e+00
  -1.4067591e+00
  -7.6963618e-01
  -8.3091046e-01
  -1.0323359e+00
  -1.3495225e+00
  -1.0211460e+00
  -7.8543385e-01
  -9.0966671e-01
  -8.5195899e-01
  -8.2185196e-01
  -1.2298260e+00
  -1.0384738e+00
  -9.4532878e-01
  -9.7136439e-01
  -1.0758210e+00
  -1.0334856e+00
  -1.2211363e+00
  -9.2092616e-01
  -1.1065041e+00
  -9.5754861e-01
  -1.2346922e+00
  -9.7366835e-01
  -1.0423349e+00
  -9.5692051e-01
  -1.0500272e+00
  -1.0355369e+00
   3.0911910e+00
  -2.4347951e+00
