   2.7513802e+00
   3.1088554e+00
   2.3998045e+00
  -1.1219565e+00
   1.1665560e+00
   2.3861913e+00
   2.3417076e+00
  -2.4011386e+00
  -4.9731386e-01
  -6.3674946e-01
  -8.1936214e-01
  -5.2373099e-01
  -8.2949453e-01
  -6.6923264e-01
  -7.9480969e-01
  -7.8825351e-01
  -9.5472596e-01
  -8.3158691e-01
  -7.5492921e-01
  -8.2256936e-01
  -9.0732589e-01
  -8.9376215e-01
  -6.8858378e-01
  -9.1978595e-01
  -6.9844661e-01
  -7.2195473e-01
  -8.0635492e-01
  -9.4798709e-01
  -8.9387744e-01
  -8.9322330e-01
  -8.4156769e-01
  -6.5952445e-01
  -8.5046725e-01
  -1.1165730e+00
   0.0000000e+00
