   3.2980000e+00   1.2704000e+01  -2.3648000e+01
   3.0460000e+00   1.3227000e+01  -2.5208000e+01
   4.5840000e+00   1.2919000e+01  -2.4631000e+01
   3.6050000e+00   1.2642000e+01  -2.4608000e+01
   3.6250000e+00   1.1233000e+01  -2.5041000e+01
   2.7880000e+00   1.0698000e+01  -2.4593000e+01
   4.9330000e+00   1.0672000e+01  -2.4503000e+01
   5.0260000e+00   9.3530000e+00  -2.4279000e+01
   4.2280000e+00   8.7800000e+00  -2.4510000e+01
   6.1160000e+00   8.6740000e+00  -2.3568000e+01
   6.4620000e+00   9.3430000e+00  -2.2226000e+01
   5.7320000e+00   7.6860000e+00  -2.3306000e+01
   7.4930000e+00   8.8440000e+00  -2.1540000e+01
   7.9970000e+00   8.0420000e+00  -2.1875000e+01
   8.1260000e+00   9.5880000e+00  -2.0471000e+01
   8.9630000e+00   1.0691000e+01  -2.1133000e+01
   7.3470000e+00   1.0029000e+01  -1.9849000e+01
   8.9970000e+00   1.1915000e+01  -2.0586000e+01
   8.4970000e+00   1.1674000e+01  -1.8541000e+01
   9.7090000e+00   1.3011000e+01  -2.1216000e+01
   1.1206000e+01   1.2710000e+01  -2.1248000e+01
   9.3700000e+00   1.3136000e+01  -2.2241000e+01
   1.1823000e+01   1.2656000e+01  -2.0071000e+01
   1.1265000e+01   1.2768000e+01  -1.9238000e+01
   1.3243000e+01   1.2399000e+01  -1.9887000e+01
   1.3423000e+01   1.2024000e+01  -1.8419000e+01
   1.3545000e+01   1.1555000e+01  -2.0509000e+01
   1.2797000e+01   1.0895000e+01  -1.8067000e+01
   1.2292000e+01   1.0451000e+01  -1.8810000e+01
   1.2489000e+01   1.0403000e+01  -1.6724000e+01
   1.1130000e+01   1.0973000e+01  -1.6301000e+01
   1.2444000e+01   9.3190000e+00  -1.6806000e+01
   1.0211000e+01   1.0175000e+01  -1.5728000e+01
   1.1249000e+01   8.3940000e+00  -1.5137000e+01
   8.9300000e+00   1.0691000e+01  -1.5271000e+01
   9.1250000e+00   1.1749000e+01  -1.4178000e+01
   8.4020000e+00   1.1137000e+01  -1.6114000e+01
   8.3670000e+00   1.2846000e+01  -1.4285000e+01
   7.7280000e+00   1.2897000e+01  -1.5061000e+01
   8.3950000e+00   1.3991000e+01  -1.3382000e+01
   7.5640000e+00   1.3654000e+01  -1.2139000e+01
   9.4070000e+00   1.4130000e+01  -1.3015000e+01
   6.6860000e+00   1.4550000e+01  -1.1694000e+01
   6.6040000e+00   1.5404000e+01  -1.2223000e+01
   5.7450000e+00   1.4316000e+01  -1.0596000e+01
   5.0080000e+00   1.2969000e+01  -1.0699000e+01
   6.3270000e+00   1.4314000e+01  -9.6750000e+00
   4.8230000e+00   1.2448000e+01  -1.1917000e+01
   5.1930000e+00   1.2947000e+01  -1.2709000e+01
   4.2440000e+00   1.1130000e+01  -1.2159000e+01
   5.0120000e+00   1.0063000e+01  -1.1373000e+01
   3.2140000e+00   1.1121000e+01  -1.1808000e+01
   6.3280000e+00   1.0228000e+01  -1.1236000e+01
   6.7460000e+00   1.1075000e+01  -1.1603000e+01
   7.1600000e+00   9.3400000e+00  -1.0445000e+01
   6.6590000e+00   9.3100000e+00  -9.0040000e+00
   7.0580000e+00   8.3430000e+00  -1.0874000e+01
   6.5270000e+00   1.0475000e+01  -8.3590000e+00
   6.6820000e+00   1.1341000e+01  -8.8530000e+00
   6.1040000e+00   1.0481000e+01  -6.9670000e+00
   4.6420000e+00   1.0056000e+01  -6.8280000e+00
   6.7000000e+00   9.7190000e+00  -6.4840000e+00
   3.8410000e+00   1.0268000e+01  -7.8730000e+00
   4.2130000e+00   1.0790000e+01  -8.6590000e+00
   2.5050000e+00   9.6930000e+00  -7.9540000e+00
   2.6220000e+00   8.1650000e+00  -7.8790000e+00
   1.9450000e+00   1.0043000e+01  -7.0980000e+00
   3.4850000e+00   7.5780000e+00  -8.7130000e+00
   3.9760000e+00   8.1480000e+00  -9.3910000e+00
   3.7570000e+00   6.1510000e+00  -8.6930000e+00
   4.1970000e+00   5.6930000e+00  -7.3030000e+00
   2.8090000e+00   5.6800000e+00  -8.9240000e+00
   5.1060000e+00   6.4350000e+00  -6.6690000e+00
   5.4960000e+00   7.2270000e+00  -7.1720000e+00
   5.5050000e+00   6.1490000e+00  -5.2920000e+00
   4.2710000e+00   6.1190000e+00  -4.3790000e+00
   5.9380000e+00   5.1480000e+00  -5.2770000e+00
   3.3960000e+00   7.1270000e+00  -4.4520000e+00
   3.5530000e+00   7.8830000e+00  -5.1130000e+00
   2.1710000e+00   7.1340000e+00  -3.6600000e+00
   1.3500000e+00   5.8720000e+00  -3.9450000e+00
   2.4610000e+00   7.0880000e+00  -2.6090000e+00
   1.1590000e+00   5.5020000e+00  -5.2150000e+00
   1.5130000e+00   6.0710000e+00  -5.9730000e+00
   4.6800000e-01   4.2760000e+00  -5.5690000e+00
   1.1220000e+00   3.0710000e+00  -4.8740000e+00
  -5.4600000e-01   4.3790000e+00  -5.1960000e+00
   2.4460000e+00   2.9290000e+00  -4.9800000e+00
   2.9720000e+00   3.5860000e+00  -5.5380000e+00
   3.1780000e+00   1.8600000e+00  -4.3230000e+00
   2.9240000e+00   1.8740000e+00  -2.8110000e+00
   2.7790000e+00   9.3500000e-01  -4.7260000e+00
   2.9550000e+00   3.0500000e+00  -2.1770000e+00
   3.0870000e+00   3.9010000e+00  -2.7130000e+00
   2.6900000e+00   3.1710000e+00  -7.5100000e-01
   1.2800000e+00   2.6610000e+00  -4.6500000e-01
   3.3890000e+00   2.5220000e+00  -2.2600000e-01
   2.9400000e-01   3.1060000e+00  -1.2450000e+00
   5.2200000e-01   3.7760000e+00  -1.9670000e+00
  -1.0810000e+00   2.6510000e+00  -1.1270000e+00
  -1.1490000e+00   1.1210000e+00  -1.2090000e+00
  -1.4030000e+00   2.9550000e+00  -1.3700000e-01
  -5.2300000e-01   5.1700000e-01  -2.2200000e+00
  -2.8000000e-02   1.0620000e+00  -2.9180000e+00
  -4.7000000e-01  -9.2500000e-01  -2.3800000e+00
   1.4100000e-01  -1.5880000e+00  -1.1400000e+00
  -1.4880000e+00  -1.3010000e+00  -2.4890000e+00
   1.2620000e+00  -1.0620000e+00  -6.4200000e-01
   1.6620000e+00  -2.2500000e-01  -1.0520000e+00
   1.9180000e+00  -1.5650000e+00   5.5000000e-01
   9.5000000e-01  -1.4800000e+00   1.7390000e+00
   2.1400000e+00  -2.6230000e+00   4.1300000e-01
   2.7600000e-01  -3.4400000e-01   1.9220000e+00
   3.6500000e-01   4.3000000e-01   1.2790000e+00
  -6.7400000e-01  -1.3500000e-01   2.9880000e+00
  -1.8270000e+00  -1.1290000e+00   2.8610000e+00
  -1.8600000e-01  -3.4500000e-01   3.9400000e+00
  -2.3100000e+00  -1.3910000e+00   1.6470000e+00
  -1.9890000e+00  -9.3100000e-01   8.0900000e-01
  -3.3130000e+00  -2.3830000e+00   1.4020000e+00
  -2.7910000e+00  -3.7650000e+00   1.7990000e+00
  -4.1440000e+00  -2.1550000e+00   2.0630000e+00
  -1.5800000e+00  -4.1440000e+00   1.3880000e+00
  -1.0350000e+00  -3.5710000e+00   7.5900000e-01
  -9.5600000e-01  -5.3720000e+00   1.8360000e+00
  -8.8000000e-01  -5.4350000e+00   3.3620000e+00
  -1.6150000e+00  -6.1750000e+00   1.5170000e+00
  -5.5800000e-01  -4.3190000e+00   4.0170000e+00
  -3.9000000e-01  -3.4750000e+00   3.4790000e+00
  -4.9400000e-01  -4.2680000e+00   5.4690000e+00
  -1.8950000e+00  -4.5300000e+00   6.0220000e+00
   1.5500000e-01  -5.0630000e+00   5.8230000e+00
  -2.9200000e+00  -3.8800000e+00   5.4640000e+00
  -2.7620000e+00  -3.2060000e+00   4.7250000e+00
  -4.2960000e+00  -4.0650000e+00   5.8800000e+00
  -4.6770000e+00  -5.5380000e+00   5.6960000e+00
  -4.3540000e+00  -3.8030000e+00   6.9260000e+00
  -4.2760000e+00  -6.1430000e+00   4.5740000e+00
  -3.7160000e+00  -5.6230000e+00   3.9040000e+00
  -4.5850000e+00  -7.5330000e+00   4.2900000e+00
  -3.9200000e+00  -8.4250000e+00   5.3360000e+00
  -5.6620000e+00  -7.6630000e+00   4.3920000e+00
  -2.6100000e+00  -8.2710000e+00   5.5430000e+00
  -2.0980000e+00  -7.6000000e+00   4.9750000e+00
  -1.8990000e+00  -9.0000000e+00   6.5850000e+00
  -2.5800000e+00  -8.8410000e+00   7.9460000e+00
  -1.8820000e+00  -1.0058000e+01   6.3260000e+00
  -2.9250000e+00  -7.6040000e+00   8.3050000e+00
  -2.7170000e+00  -6.8440000e+00   7.6660000e+00
  -3.6130000e+00  -7.2920000e+00   9.5500000e+00
  -4.9260000e+00  -8.0730000e+00   9.6460000e+00
  -2.9720000e+00  -7.6010000e+00   1.0378000e+01
  -5.7550000e+00  -8.0340000e+00   8.6000000e+00
  -5.5260000e+00  -7.5420000e+00   7.7460000e+00
  -7.0050000e+00  -8.7470000e+00   8.5420000e+00
  -6.7430000e+00  -1.0253000e+01   8.6960000e+00
  -7.6450000e+00  -8.4410000e+00   9.3670000e+00
  -5.7350000e+00  -1.0797000e+01   8.0050000e+00
  -5.1700000e+00  -1.0206000e+01   7.4020000e+00
  -5.3960000e+00  -1.2210000e+01   8.1300000e+00
  -4.9880000e+00  -1.2558000e+01   9.5660000e+00
  -6.2910000e+00  -1.2794000e+01   7.9190000e+00
  -4.2340000e+00  -1.1682000e+01   1.0237000e+01
  -3.9210000e+00  -1.0837000e+01   9.7660000e+00
  -3.9060000e+00  -1.1860000e+01   1.1647000e+01
  -5.1800000e+00  -1.1810000e+01   1.2502000e+01
  -3.4590000e+00  -1.2849000e+01   1.1762000e+01
  -6.0640000e+00  -1.0849000e+01   1.2227000e+01
  -5.8520000e+00  -1.0199000e+01   1.1478000e+01
  -7.3490000e+00  -1.0718000e+01   1.2892000e+01
  -8.1270000e+00  -9.5200000e+00   1.2350000e+01
  -7.9290000e+00  -1.1627000e+01   1.2725000e+01
  -7.6310000e+00  -8.3100000e+00   1.2616000e+01
  -6.7040000e+00  -8.1930000e+00   1.3006000e+01
  -8.1450000e+00  -7.0490000e+00   1.2126000e+01
  -6.8990000e+00  -6.2790000e+00   1.1703000e+01
  -8.7930000e+00  -7.1740000e+00   1.1259000e+01
