2	1	1.6960571924319052	1.6960571924319052
3	1	1.6982947329600941	1.6982947329600941
3	2	1.6990311945341088	1.6990311945341088
4	1	1.0393642287475544	1.0393642287475544
4	2	1.0393584559717592	1.0393584559717592
4	3	1.0404696055147400	1.0404696055147400
5	1	2.0820746864605981	2.0820746864605981
5	2	2.0822663134191064	2.0822663134191064
5	3	2.0824711282512411	2.0824711282512411
5	4	1.4904163847730609	1.4904163847730609
6	1	2.0426152664867692	2.5426152664867692
6	2	2.3644243734356012	2.8644243734356012
6	3	2.5587677486215021	3.0587677486215021
6	4	2.1119292128288780	2.1119292128288780
6	5	1.0794563446476195	1.0794563446476195
7	4	2.4654743965411607	2.4654743965411607
7	5	1.5296303475022981	1.5296303475022981
7	6	2.1463012370121768	2.1463012370121768
8	4	3.3976851516695885	3.6254505063873959
8	5	2.4255543696235717	2.4255543696235717
8	7	1.3044696240234956	1.3044696240234956
9	1	3.6481813013437865	4.1481813013437865
9	2	4.4357287520977611	4.9357287520977611
9	3	3.7762919183368480	4.2762919183368480
9	5	2.5531353273964936	2.5531353273964936
9	6	1.9086841430522363	2.4086841430522363
9	7	1.9851229181085990	1.9851229181085990
9	8	0.9786572433697099	0.9786572433697099
10	5	3.8190661162121828	3.8190661162121828
10	7	2.4205972403520586	2.4205972403520586
10	8	1.4869949562792739	1.4869949562792739
10	9	2.1479641524010589	2.1479641524010589
11	7	3.0311519378631568	3.3780969697233432
11	8	2.4649813386717554	2.4649813386717554
11	10	1.5296728408388502	1.5296728408388502
12	3	4.1304463569991094	4.6304463569991094
12	6	4.1600158820366051	4.6600158820366051
12	8	2.1104418968547796	2.1104418968547796
12	9	2.6714511672453032	3.1714511672453032
12	10	1.0799162004526102	1.0799162004526102
12	11	2.1481880737030457	2.1481880737030457
13	8	3.6228639642454294	3.6685111847748373
13	10	2.4243401164028118	2.4243401164028118
13	11	1.3046800374038072	1.3046800374038072
14	9	4.4416972802162471	4.9416972802162471
14	10	2.5488456210606398	2.5488456210606398
14	11	1.9851571726188333	1.9851571726188333
14	12	2.1632084323554244	2.6632084323554244
14	13	0.9804993625699104	0.9804993625699104
15	10	3.8201808857696773	3.8201808857696773
15	11	2.4224047968908913	2.4224047968908913
15	13	1.4890899905647066	1.4890899905647066
15	14	2.1533188338005127	2.1533188338005127
16	11	3.5440642928985611	3.6891838291718493
16	13	2.4636641410711806	2.4636641410711806
16	15	1.5298424755509963	1.5298424755509963
17	12	4.4504534818702126	4.9504534818702126
17	13	2.1116640357784182	2.1116640357784182
17	14	2.5437462866469396	3.0437462866469396
17	15	1.0792376939303043	1.0792376939303043
17	16	2.1476428939653815	2.1476428939653815
18	13	2.6506366526771279	2.8740275774906743
18	15	2.4232127434461881	2.4232127434461881
18	16	1.3046800374038070	1.3046800374038070
19	12	4.0398085177402798	4.5398085177402798
19	14	1.8269728790845514	2.3269728790845514
19	15	2.5429154527824953	2.5429154527824953
19	16	1.9813089107960928	1.9813089107960928
19	17	2.5949542097002718	3.0949542097002718
19	18	0.9781794313928301	0.9781794313928301
20	15	3.8246789407739841	3.8246789407739841
20	16	2.4285672731056884	2.4285672731056884
20	18	1.4926556870222951	1.4926556870222951
20	19	2.1542167950324780	2.1542167950324780
21	16	2.6989867549651154	2.8943257221670149
21	18	2.4743488032207583	2.4743488032207583
21	20	1.5297120644095084	1.5297120644095084
22	14	3.7339448779628737	4.2339448779628732
22	17	4.6775181712881571	5.0000000000000000
22	18	2.1120004734847955	2.1120004734847955
22	19	2.5058459966489570	3.0058459966489570
22	20	1.0804096445330356	1.0804096445330356
22	21	2.1437205974660043	2.1437205974660043
23	18	2.6857711407649552	2.9327724685202701
23	20	2.4269590025379499	2.4269590025379499
23	21	1.3043070957408762	1.3043070957408762
24	14	4.5296724608924848	5.0000000000000000
24	17	3.3690453341044853	3.8690453341044853
24	19	2.8351953286317588	3.3351953286317588
24	20	2.5563329204154916	2.5563329204154916
24	21	1.9853153401915771	1.9853153401915771
24	22	3.2927411912683580	3.7927411912683580
24	23	0.9783261214952813	0.9783261214952813
25	20	3.8178450728126720	3.8178450728126720
25	21	2.4175901224152940	2.4175901224152940
25	23	1.4859397699772354	1.4859397699772354
25	24	2.1477264723423235	2.1477264723423235
26	21	3.4184214679993716	3.6449086162177875
26	23	2.4597272206486629	2.4597272206486629
26	25	1.5302643562469853	1.5302643562469853
27	22	4.3674736504082023	4.8674736504082023
27	23	2.1084046101258647	2.1084046101258647
27	24	2.7271345361981392	3.2271345361981392
27	25	1.0794642189530874	1.0794642189530874
27	26	2.1445330494072592	2.1445330494072592
28	23	3.4991762459537372	3.6560057024924721
28	25	2.4253185357804035	2.4253185357804035
28	26	1.3021616643105425	1.3021616643105425
29	24	3.8631558542795466	4.3631558542795466
29	25	2.5493446216625948	2.5493446216625948
29	26	1.9791899858275359	1.9791899858275359
29	27	2.8184062795952243	3.3184062795952243
29	28	0.9761362609799920	0.9761362609799920
30	25	3.8207658918075578	3.8207658918075578
30	26	2.4198687980962945	2.4198687980962945
30	28	1.4899523482313120	1.4899523482313120
30	29	2.1517142003528251	2.1517142003528251
31	26	2.8095747700280893	3.1366178789883472
31	28	2.4616650868873289	2.4616650868873289
31	30	1.5283157396297407	1.5283157396297407
32	28	2.1101616051857275	2.1101616051857275
32	29	2.0382302632834044	2.5382302632834044
32	30	1.0779907235222397	1.0779907235222397
32	31	2.1438220541826709	2.1438220541826709
33	28	2.6281028829656417	2.7688456311466489
33	30	2.4201345003945556	2.4201345003945556
33	31	1.3035773855049806	1.3035773855049806
34	27	2.8393660261395106	3.3393660261395106
34	29	2.2726421777593493	2.7726421777593493
34	30	2.5419343028489152	2.5419343028489152
34	31	1.9814769743804748	1.9814769743804748
34	32	2.8410325540301433	3.3410325540301433
34	33	0.9777387176541600	0.9777387176541600
35	30	3.8143105536911914	3.8143105536911914
35	31	2.4206536307369544	2.4206536307369544
35	33	1.4847915678639874	1.4847915678639874
35	34	2.1450564095146780	2.1450564095146780
36	31	3.2931112401812102	3.5785436052556583
36	33	2.4623216686696314	2.4623216686696314
36	35	1.5313751989633375	1.5313751989633375
37	32	4.2352995515649390	4.7352995515649390
37	33	2.1103291212509951	2.1103291212509951
37	34	2.7688210839229042	3.2688210839229042
37	35	1.0802171078075000	1.0802171078075000
37	36	2.1511580602085014	2.1511580602085014
38	33	3.1367877702121123	3.4630233349142450
38	35	2.4280348020570051	2.4280348020570051
38	36	1.3039213933362697	1.3039213933362697
39	34	3.7553911463788907	4.2553911463788907
39	35	2.5573613354393236	2.5573613354393236
39	36	1.9847239102706451	1.9847239102706451
39	37	1.9490637467678908	2.4490637467678908
39	38	0.9774998721227537	0.9774998721227537
40	35	3.8203179187078140	3.8203179187078140
40	36	2.4189458447844592	2.4189458447844592
40	38	1.4864373515220890	1.4864373515220890
40	39	2.1460088536630044	2.1460088536630044
41	36	3.5627519045613614	3.6849238727996831
41	38	2.4551932714146965	2.4551932714146965
41	40	1.5295443766036991	1.5295443766036991
42	37	4.2174809805410343	4.7174809805410343
42	38	2.1104028051535564	2.1104028051535564
42	39	2.6559920696884509	3.1559920696884509
42	40	1.0793034791012213	1.0793034791012213
42	41	2.1472442804674086	2.1472442804674086
43	38	3.4690833429765537	3.6443853387583323
43	40	2.4223767254496145	2.4223767254496145
43	41	1.3006848196238778	1.3006848196238778
44	39	3.8373413416115545	4.3373413416115545
44	40	2.5431472627435459	2.5431472627435459
44	41	1.9762327798111221	1.9762327798111221
44	42	2.8445063148293763	3.3445063148293763
44	43	0.9759738726011055	0.9759738726011055
45	40	3.8192272778665575	3.8192272778665575
45	41	2.4203877788486703	2.4203877788486703
45	43	1.4896899006169033	1.4896899006169033
45	44	2.1512110542668745	2.1512110542668745
46	41	3.2627319845310070	3.5572174811292245
46	43	2.4597833237909401	2.4597833237909401
46	45	1.5286157136442120	1.5286157136442120
47	39	4.3349999248336406	4.8349999248336406
47	42	4.3158496734824769	4.8158496734824769
47	43	2.1120617888688753	2.1120617888688753
47	44	2.8392941271683099	3.3392941271683099
47	45	1.0808482779742941	1.0808482779742941
47	46	2.1484396663625445	2.1484396663625445
48	43	2.8126033097684702	3.1550348282043745
48	45	2.4217966471196561	2.4217966471196561
48	46	1.3041476143443274	1.3041476143443274
49	44	2.1081569761076442	2.6081569761076442
49	45	2.5453227693163019	2.5453227693163019
49	46	1.9838261012498044	1.9838261012498044
49	47	3.2545568544855503	3.7545568544855503
49	48	0.9795606157864862	0.9795606157864862
50	45	3.8174634248411587	3.8174634248411587
50	46	2.4216186735322274	2.4216186735322274
50	48	1.4883252332739614	1.4883252332739614
50	49	2.1516530854206013	2.1516530854206013
51	46	2.8222232098913764	3.1579990052312739
51	48	2.4607303793792608	2.4607303793792608
51	50	1.5378484970893596	1.5378484970893596
52	44	4.4623459980295577	4.9623459980295577
52	47	4.6120650381808721	5.0000000000000000
52	48	2.1079860056461461	2.1079860056461461
52	49	2.6116039957628558	3.1116039957628558
52	50	1.0805743842975366	1.0805743842975366
52	51	2.1513542246687325	2.1513542246687325
53	48	3.1710728737799672	3.4915319647651439
53	50	2.4513622743282975	2.4513622743282975
53	51	1.3100950347207638	1.3100950347207638
54	44	4.6108982127558482	5.0000000000000000
54	49	3.4896592366663182	3.9896592366663182
54	50	2.5872844837783120	2.5872844837783120
54	51	1.9878080893285446	1.9878080893285446
54	52	3.2679620295298801	3.7679620295298801
54	53	0.9741129297981826	0.9741129297981826
55	50	3.8468237547358473	3.8468237547358473
55	51	2.4324664437562125	2.4324664437562125
55	53	1.4926982280420917	1.4926982280420917
55	54	2.1463429362522661	2.1463429362522661
56	51	2.9572550160966973	3.2995344682798451
56	53	2.4873749214784646	2.4873749214784646
56	55	1.5301248315088547	1.5301248315088547
57	53	2.1019481439845280	2.1019481439845280
57	54	2.1478062779923315	2.6478062779923315
57	55	1.0756235400919789	1.0756235400919789
57	56	2.1385943981970965	2.1385943981970965
58	53	2.6839265245691664	2.7465401050117322
58	55	2.4325739454331088	2.4325739454331088
58	56	1.3029174954693030	1.3029174954693030
59	52	3.3379039236856984	3.8379039236856984
59	54	2.2270432531978250	2.7270432531978250
59	55	2.5709525472089143	2.5709525472089143
59	56	1.9854765171111954	1.9854765171111954
59	57	3.0359661077360287	3.5359661077360287
59	58	0.9755700897424026	0.9755700897424026
60	55	3.8153732451753655	3.8153732451753655
60	56	2.4119856964750017	2.4119856964750017
60	58	1.4778338878236621	1.4778338878236621
60	59	2.1318287923752224	2.1318287923752224
61	56	3.0890009843937798	3.4292673174794914
61	58	2.4602888041853932	2.4602888041853932
61	60	1.5342327072514115	1.5342327072514115
62	57	4.4483350671063207	4.9483350671063207
62	58	2.1039113574483137	2.1039113574483137
62	59	2.7282549877659168	3.2282549877659168
62	60	1.0760827105757256	1.0760827105757256
62	61	2.1483868366753680	2.1483868366753680
63	58	2.6446547523757373	2.7259192371678660
63	60	2.4315266809146867	2.4315266809146867
63	61	1.3036172751233390	1.3036172751233390
64	54	3.2374944350436969	3.7374944350436969
64	57	3.4228723444514539	3.9228723444514539
64	59	1.9140788469368766	2.4140788469368766
64	60	2.5573879252080629	2.5573879252080629
64	61	1.9841393600248944	1.9841393600248944
64	62	3.0874802384510573	3.5874802384510573
64	63	0.9803208658393419	0.9803208658393419
65	60	3.8273324914357780	3.8273324914357780
65	61	2.4215024261809042	2.4215024261809042
65	63	1.4911163603153190	1.4911163603153190
65	64	2.1564593666470961	2.1564593666470961
66	61	3.4742476783496112	3.6702402862204893
66	63	2.4668340033330178	2.4668340033330178
66	65	1.5294384590430570	1.5294384590430570
67	59	4.7281725376018100	5.0000000000000000
67	62	4.2592060561867449	4.7592060561867449
67	63	2.1131135795313991	2.1131135795313991
67	64	2.7666071156086405	3.2666071156086405
67	65	1.0795651902502224	1.0795651902502224
67	66	2.1460519565005871	2.1460519565005871
68	63	2.7043121528555321	2.9917328791145463
68	65	2.4219244414308219	2.4219244414308219
68	66	1.3033748501486435	1.3033748501486435
69	54	3.6720384283729111	4.1720384283729111
69	57	4.1416969174047473	4.6416969174047473
69	59	3.6413292897600416	4.1413292897600416
69	64	1.8141710663133628	2.3141710663133628
69	65	2.5461323610527407	2.5461323610527407
69	66	1.9839647174282118	1.9839647174282118
69	67	3.2509198361783165	3.7509198361783165
69	68	0.9799561214666717	0.9799561214666717
70	65	3.8176825431143437	3.8176825431143437
70	66	2.4207655813812297	2.4207655813812297
70	68	1.4885005878399917	1.4885005878399917
70	69	2.1518945141432937	2.1518945141432937
71	66	2.7351413586888977	3.0117830414438092
71	68	2.4682532284998637	2.4682532284998637
71	70	1.5304084422140376	1.5304084422140376
72	64	4.4121533441510117	4.9121533441510117
72	67	4.5394998062113583	5.0000000000000000
72	68	2.1113618827666643	2.1113618827666643
72	69	2.4997339695293128	2.9997339695293128
72	70	1.0805281116194982	1.0805281116194982
72	71	2.1469538886524768	2.1469538886524768
73	68	2.6929148993823273	2.9585933037622092
73	70	2.4265485777127966	2.4265485777127966
73	71	1.3039424833941113	1.3039424833941113
74	54	4.0619231573154977	4.5619231573154977
74	57	2.9358978175403072	3.4358978175403072
74	59	4.0942644219758630	4.5942644219758630
74	64	2.8201093221075788	3.3201093221075788
74	67	3.7094500311907499	4.2094500311907499
74	69	2.5589661811409510	3.0589661811409510
74	70	2.5530287894968988	2.5530287894968988
74	71	1.9847503621362574	1.9847503621362574
74	72	3.2820237925980824	3.7820237925980824
74	73	0.9800540801404787	0.9800540801404787
75	70	3.8224413664567827	3.8224413664567827
75	71	2.4219446731913603	2.4219446731913603
75	73	1.4903335197196639	1.4903335197196639
75	74	2.1542344347818783	2.1542344347818783
76	71	2.7801033578298857	3.0890341409800528
76	73	2.4676995360051430	2.4676995360051430
76	75	1.5287357521821747	1.5287357521821747
77	57	4.2525844487017581	4.7525844487017581
77	72	4.5364599090693050	5.0000000000000000
77	73	2.1103651342836391	2.1103651342836391
77	74	2.6605699525047775	3.1605699525047775
77	75	1.0787933073578084	1.0787933073578084
77	76	2.1434490896683314	2.1434490896683314
78	73	2.7191334550209576	3.0080036115102233
78	75	2.4270422328422732	2.4270422328422732
78	76	1.3042227570472775	1.3042227570472775
79	64	4.3985620438670763	4.8985620438670763
79	67	3.0589203538474576	3.5589203538474576
79	69	4.4657964745515546	4.9657964745515546
79	72	4.4525248856368123	4.9525248856368123
79	74	2.6400751993357394	3.1400751993357394
79	75	2.5569868986758610	2.5569868986758610
79	76	1.9861029681262745	1.9861029681262745
79	77	3.3821473785006195	3.8821473785006195
79	78	0.9799775507632819	0.9799775507632819
80	75	3.8169719674108173	3.8169719674108173
80	76	2.4152809360403613	2.4152809360403613
80	78	1.4877691353163631	1.4877691353163631
80	79	2.1544941401637661	2.1544941401637661
81	76	2.7646441490222187	3.0798390949899441
81	78	2.4588064177563878	2.4588064177563878
81	80	1.5289296909930161	1.5289296909930161
82	77	4.5799944426514232	5.0000000000000000
82	78	2.1084963836819832	2.1084963836819832
82	79	2.5706193846485910	3.0706193846485910
82	80	1.0793414658948297	1.0793414658948297
82	81	2.1440722935572856	2.1440722935572856
83	78	2.6301407476826393	2.7791586551970457
83	80	2.4249585563468909	2.4249585563468909
83	81	1.3060038284783091	1.3060038284783091
84	67	4.5495337068429347	5.0000000000000000
84	72	3.5015366224593780	4.0015366224593780
84	74	3.5798008160930337	4.0798008160930337
84	77	3.5137591640694468	4.0137591640694463
84	79	2.5212215398293685	3.0212215398293685
84	80	2.5502182259563591	2.5502182259563591
84	81	1.9853969376424454	1.9853969376424454
84	82	3.2542560892863595	3.7542560892863595
84	83	0.9787405171954399	0.9787405171954399
85	80	3.8211131885878489	3.8211131885878489
85	81	2.4225717739625381	2.4225717739625381
85	83	1.4917674081437771	1.4917674081437771
85	84	2.1566109987663511	2.1566109987663511
86	81	2.9037989755124358	3.2579858529907972
86	83	2.4295444017346135	2.4295444017346135
86	85	1.5121607057452588	1.5121607057452588
87	82	4.4615356994623045	4.9615356994623045
87	83	2.1134457646223184	2.1134457646223184
87	84	2.6453317845775621	3.1453317845775621
87	85	1.0770454957892936	1.0770454957892936
87	86	2.1448498781966086	2.1448498781966086
88	83	2.6645597510353545	2.9859533891494299
88	85	2.3927325383335276	2.3927325383335276
88	86	1.3020480021873255	1.3020480021873255
89	72	4.0492872083235776	4.5492872083235776
89	74	4.5854479575629288	5.0000000000000000
89	77	3.0075529034311281	3.5075529034311281
89	79	4.5879607336211308	5.0000000000000000
89	84	2.2640680748073718	2.7640680748073718
89	85	2.5208849636585966	2.5208849636585966
89	86	1.9868032111912859	1.9868032111912859
89	87	3.3940697290160755	3.8940697290160755
89	88	0.9789698667476947	0.9789698667476947
90	85	3.7732582736939699	3.7732582736939699
90	86	2.4062605843923062	2.4062605843923062
90	88	1.4654804672870931	1.4654804672870931
90	89	2.1184581657422457	2.1184581657422457
91	86	2.6730881911007116	2.9613971579892375
91	88	2.3989289276675119	2.3989289276675119
91	90	1.5080931668832667	1.5080931668832667
92	87	4.6319479150636225	5.0000000000000000
92	88	2.1149193838063893	2.1149193838063893
92	89	2.5414044627892247	3.0414044627892247
92	90	1.0838510045204559	1.0838510045204559
92	91	2.1458965492306477	2.1458965492306477
93	88	2.8347490803443232	3.2016672823252024
93	90	2.3771278888608416	2.3771278888608416
93	91	1.2996807300256485	1.2996807300256485
94	77	3.1550562059621545	3.6550562059621545
94	82	4.1534227221035858	4.6534227221035858
94	84	4.1097400049282848	4.6097400049282848
94	89	2.8119485139800515	3.3119485139800515
94	90	2.4627498857983947	2.4627498857983947
94	91	1.9668090908880826	1.9668090908880826
94	92	3.2967051543541466	3.7967051543541466
94	93	0.9859168321922496	0.9859168321922496
95	90	3.8034486982211289	3.8034486982211289
95	91	2.4476313039344793	2.4476313039344793
95	93	1.5045853249317567	1.5045853249317567
95	94	2.1774482772272692	2.1774482772272692
96	91	2.7310535064924424	2.9398754205557318
96	93	2.4825150553420618	2.4825150553420618
96	95	1.5337170534358655	1.5337170534358655
97	92	4.6733305843080162	5.0000000000000000
97	93	2.1261761451018115	2.1261761451018115
97	94	2.4713944586134429	2.9713944586134429
97	95	1.0820988864239731	1.0820988864239731
97	96	2.1499809301479860	2.1499809301479860
98	93	2.6760432885873118	2.9246838999121847
98	95	2.4269612687474016	2.4269612687474016
98	96	1.3082404213293533	1.3082404213293533
99	82	3.8344142732321078	4.3344142732321078
99	84	4.2679331597891581	4.7679331597891581
99	87	3.5470983641709317	4.0470983641709317
99	89	3.9350637989198116	4.4350637989198116
99	92	3.8344687538098414	4.3344687538098414
99	94	2.8074550168074532	3.3074550168074532
99	95	2.5461800800414705	2.5461800800414705
99	96	1.9862087000111546	1.9862087000111546
99	97	3.3625663526538032	3.8625663526538032
99	98	0.9793405944818183	0.9793405944818183
100	95	3.8248641805951733	3.8248641805951733
100	96	2.4273364002544029	2.4273364002544029
100	98	1.4894512412294656	1.4894512412294656
100	99	2.1522399959112373	2.1522399959112373
101	96	2.7968491567019989	3.1392157278369459
101	98	2.4355315641559629	2.4355315641559629
101	100	1.5334461190403790	1.5334461190403790
102	97	4.4762388067040817	4.9762388067040817
102	98	2.1211072580140771	2.1211072580140771
102	99	2.6307357855986648	3.1307357855986648
102	100	1.0806206549941570	1.0806206549941570
102	101	2.1583729983485243	2.1583729983485243
103	98	2.7055232742723727	3.0437369980142166
103	100	2.4124504139981822	2.4124504139981822
103	101	1.3037584132039186	1.3037584132039186
104	87	4.0435485165765188	4.5435485165765188
104	89	4.5365441339131074	5.0000000000000000
104	92	3.2003559474478966	3.7003559474478966
104	94	4.4356522129436291	4.9356522129436291
104	99	2.5572946807173960	3.0572946807173960
104	100	2.5131488216975928	2.5131488216975928
104	101	1.9718686568836168	1.9718686568836168
104	102	3.3247937040045579	3.8247937040045579
104	103	0.9738850034783367	0.9738850034783367
105	100	3.8218935097671154	3.8218935097671154
105	101	2.4386276878605311	2.4386276878605311
105	103	1.4874310068033407	1.4874310068033407
105	104	2.1378107961183095	2.1378107961183095
106	101	2.7433756165013827	2.9900184883779093
106	103	2.4675844463766579	2.4675844463766579
106	105	1.5308252676252754	1.5308252676252754
107	102	4.7395528691851530	5.0000000000000000
107	103	2.1188482720572521	2.1188482720572521
107	104	2.4926281441014262	2.9926281441014262
107	105	1.0789425378582505	1.0789425378582505
107	106	2.1571692098674125	2.1571692098674125
108	103	2.7519309965911587	3.0737044781361154
108	105	2.4160993357062113	2.4160993357062113
108	106	1.3033196077708651	1.3033196077708651
109	92	3.5344003637308634	4.0344003637308639
109	94	4.4080311014686560	4.9080311014686560
109	97	3.3101671884263904	3.8101671884263904
109	99	3.6932555907124991	4.1932555907124991
109	102	4.1814694915891240	4.6814694915891240
109	104	2.7590714002829824	3.2590714002829824
109	105	2.5236935233898716	2.5236935233898716
109	106	1.9715498979229509	1.9715498979229509
109	107	3.3390721178280351	3.8390721178280351
109	108	0.9717432788550689	0.9717432788550689
110	105	3.8186768650934582	3.8186768650934582
110	106	2.4301154293572167	2.4301154293572167
110	108	1.4864175052790527	1.4864175052790527
110	109	2.1396910992010052	2.1396910992010052
111	106	2.7805626068648888	3.0694576679980963
111	108	2.4724653688171245	2.4724653688171245
111	110	1.5323139365025704	1.5323139365025704
112	107	4.6915858810141549	5.0000000000000000
112	108	2.1031963769462894	2.1031963769462894
112	109	2.5996154315603195	3.0996154315603195
112	110	1.0754282867769467	1.0754282867769467
112	111	2.1519242551725655	2.1519242551725655
113	108	2.7482382015215694	3.0504805603105862
113	110	2.4313358468134356	2.4313358468134356
113	111	1.3074731354792726	1.3074731354792726
114	97	3.8554218043573822	4.3554218043573822
114	99	4.6096291323323975	5.0000000000000000
114	102	3.1660783053586377	3.6660783053586377
114	104	4.2198345561824757	4.7198345561824757
114	107	4.3285606948985604	4.8285606948985604
114	109	2.6257809171081283	3.1257809171081283
114	110	2.5560657268544573	2.5560657268544573
114	111	1.9861908266830761	1.9861908266830761
114	112	3.2382218053081844	3.7382218053081844
114	113	0.9791108211024940	0.9791108211024940
115	110	3.8300193211000906	3.8300193211000906
115	111	2.4288231718262230	2.4288231718262230
115	113	1.4921588387299780	1.4921588387299780
115	114	2.1542571805613173	2.1542571805613173
116	111	3.0293172262637973	3.3749964936110914
116	113	2.4648460398166883	2.4648460398166883
116	115	1.5226050045891786	1.5226050045891786
117	112	4.3814225710057153	4.8814225710057153
117	113	2.1061407835185184	2.1061407835185184
117	114	2.7225593705137534	3.2225593705137534
117	115	1.0735497193889052	1.0735497193889052
117	116	2.1317642927866123	2.1317642927866123
118	113	2.6091565560749341	2.6918390002570018
118	115	2.3931581644346025	2.3931581644346025
118	116	1.2909647555220072	1.2909647555220072
119	102	4.3708452623871343	4.8708452623871343
119	104	4.6768324168107203	5.0000000000000000
119	107	3.2711871648121589	3.7711871648121589
119	109	3.7027016646260882	4.2027016646260886
119	112	3.5007525258227239	4.0007525258227243
119	114	2.1476023945801308	2.6476023945801308
119	115	2.5028827379643661	2.5028827379643661
119	116	1.9603316046016301	1.9603316046016301
119	117	2.8270212168797797	3.3270212168797797
119	118	0.9665288407492028	0.9665288407492028
120	115	3.7823488733854238	3.7823488733854238
120	116	2.4064930916169236	2.4064930916169236
120	118	1.4682782433857682	1.4682782433857682
120	119	2.1118780741321186	2.1118780741321186
121	116	3.1062408773681964	3.4370395346183162
121	118	2.4444586312719636	2.4444586312719636
121	120	1.5340335719924780	1.5340335719924780
122	107	4.5268688785684317	5.0000000000000000
122	114	4.6406917328780413	5.0000000000000000
122	117	4.3848596137132496	4.8848596137132496
122	118	2.1040468150685285	2.1040468150685285
122	119	2.6783063781201237	3.1783063781201237
122	120	1.0756161025198567	1.0756161025198567
122	121	2.1522065421329817	2.1522065421329817
123	118	2.8836366889571363	3.2330609051119903
123	120	2.4299065825664976	2.4299065825664976
123	121	1.3055087131076517	1.3055087131076517
124	107	3.3754286577522392	3.8754286577522392
124	112	4.7729892819795969	5.0000000000000000
124	119	2.5697573307745323	3.0697573307745323
124	120	2.5544285075139594	2.5544285075139594
124	121	1.9856288676386618	1.9856288676386618
124	122	3.4039858142340336	3.9039858142340336
124	123	0.9797555817651659	0.9797555817651659
125	120	3.8260906941681347	3.8260906941681347
125	121	2.4231163818520973	2.4231163818520973
125	123	1.4901731443023660	1.4901731443023660
125	124	2.1541692134091961	2.1541692134091961
126	121	3.2911371561937370	3.5783905286985260
126	123	2.4651760586213709	2.4651760586213709
126	125	1.5289058178972317	1.5289058178972317
127	119	4.2471239122267281	4.7471239122267281
127	123	2.1114002462820745	2.1114002462820745
127	124	2.3268584496494569	2.8268584496494569
127	125	1.0812969064970046	1.0812969064970046
127	126	2.1486707518835897	2.1486707518835897
128	123	2.7089125750308538	2.9971669879417218
128	125	2.4255514836836602	2.4255514836836602
128	126	1.3053984066176885	1.3053984066176885
129	122	4.1405598486607200	4.6405598486607200
129	124	2.6372955948517762	3.1372955948517762
129	125	2.5522546894853626	2.5522546894853626
129	126	1.9858542242571613	1.9858542242571613
129	127	3.3573607857978520	3.8573607857978520
129	128	0.9795427504708522	0.9795427504708522
130	125	3.8207772769424841	3.8207772769424841
130	126	2.4223100544727982	2.4223100544727982
130	128	1.4899137558932749	1.4899137558932749
130	129	2.1536413350416543	2.1536413350416543
131	126	3.6297527398440357	3.6970716963831296
131	128	2.4681612589132049	2.4681612589132049
131	130	1.5296440762478059	1.5296440762478059
132	124	4.0821537697774204	4.5821537697774204
132	127	4.5418762446259358	5.0000000000000000
132	128	2.1108029277978559	2.1108029277978559
132	129	2.5809512237417098	3.0809512237417098
132	130	1.0800564800046355	1.0800564800046355
132	131	2.1458576374028211	2.1458576374028211
133	128	2.7150328772159549	3.0040041148418704
133	130	2.4252216393558745	2.4252216393558745
133	131	1.3041821191842804	1.3041821191842804
134	124	3.9281153819225620	4.4281153819225620
134	129	1.8300406266161580	2.3300406266161580
134	130	2.5512500857422817	2.5512500857422817
134	131	1.9851695141725305	1.9851695141725305
134	132	2.5404623391412868	3.0404623391412868
134	133	0.9805085415232213	0.9805085415232213
135	130	3.8204227514765967	3.8204227514765967
135	131	2.4221273707218622	2.4221273707218622
135	133	1.4883044043474469	1.4883044043474469
135	134	2.1514113971995226	2.1514113971995226
136	131	3.3636777888120970	3.6201352015922739
136	133	2.4622327266121702	2.4622327266121702
136	135	1.5336316376496668	1.5336316376496668
137	129	4.2335521711178243	4.7335521711178243
137	132	4.2359728144752973	4.7359728144752973
137	133	2.1103122991633265	2.1103122991633265
137	134	2.6674122356772370	3.1674122356772370
137	135	1.0807867504739299	1.0807867504739299
137	136	2.1496153144225594	2.1496153144225594
138	133	3.4634491163531229	3.6541988838548978
138	135	2.4404011965248662	2.4404011965248662
138	136	1.3070853070859605	1.3070853070859605
139	134	3.8475083986642904	4.3475083986642904
139	135	2.5745859861344695	2.5745859861344695
139	136	1.9882879570122640	1.9882879570122640
139	137	2.8123685792960349	3.3123685792960349
139	138	0.9785668091653235	0.9785668091653235
140	135	3.8316348990998601	3.8316348990998601
140	136	2.4222192303753181	2.4222192303753181
140	138	1.4896422389285287	1.4896422389285287
140	139	2.1518854523417383	2.1518854523417383
141	136	3.1910710700285252	3.5114959631056504
141	138	2.4666031298123330	2.4666031298123330
141	140	1.5304486270371800	1.5304486270371800
142	134	4.7273530513949709	5.0000000000000000
142	137	4.1690080983980966	4.6690080983980966
142	138	2.1117282022078503	2.1117282022078503
142	139	2.8482083807216547	3.3482083807216547
142	140	1.0796416072012041	1.0796416072012041
142	141	2.1465309222091342	2.1465309222091342
143	138	3.5508810484674105	3.6724823269297344
143	140	2.4286453013974665	2.4286453013974665
143	141	1.3059314683397447	1.3059314683397447
144	139	4.4227900747905622	4.9227900747905622
144	140	2.5565705544733155	2.5565705544733155
144	141	1.9869957221896577	1.9869957221896577
144	142	2.1879699139574984	2.6879699139574984
144	143	0.9799107102180273	0.9799107102180273
145	140	3.8225072923409797	3.8225072923409797
145	141	2.4216384949038110	2.4216384949038110
145	143	1.4891850120116010	1.4891850120116010
145	144	2.1532944526933573	2.1532944526933573
146	141	3.3455888743204509	3.6105458010443527
146	143	2.4645892152648883	2.4645892152648883
146	145	1.5290703057740669	1.5290703057740669
147	142	4.2563571621955694	4.7563571621955694
147	143	2.1100002369668123	2.1100002369668123
147	144	2.7898226465796196	3.2898226465796196
147	145	1.0804151979678933	1.0804151979678933
147	146	2.1477199538114844	2.1477199538114844
148	143	3.0131488530257857	3.3620429913731442
148	145	2.4236243520809899	2.4236243520809899
148	146	1.3042403919523431	1.3042403919523431
149	144	2.8687844613186098	3.3687844613186098
149	145	2.5498931350156622	2.5498931350156622
149	146	1.9835611913928952	1.9835611913928952
149	147	3.2836567856609822	3.7836567856609822
149	148	0.9771161650489661	0.9771161650489661
150	145	3.8169321450610036	3.8169321450610036
150	146	2.4200948328526302	2.4200948328526302
150	148	1.4860444138719411	1.4860444138719411
150	149	2.1454948147222357	2.1454948147222357
151	146	3.4262483474533734	3.6512667558270726
151	148	2.4659521487652585	2.4659521487652585
151	150	1.5303385246408705	1.5303385246408705
152	144	4.3457954527196083	4.8457954527196083
152	147	4.2298008185601512	4.7298008185601512
152	148	2.1115723998953975	2.1115723998953975
152	149	2.7054533722211089	3.2054533722211089
152	150	1.0804508318290118	1.0804508318290118
152	151	2.1504078682891765	2.1504078682891765
153	148	3.0252965086629464	3.3724154208770574
153	150	2.4237574136039273	2.4237574136039273
153	151	1.3050885027460755	1.3050885027460755
154	149	2.7306348692868356	3.2306348692868356
154	150	2.5474322365864808	2.5474322365864808
154	151	1.9811095376076482	1.9811095376076482
154	152	3.2908199600746082	3.7908199600746082
154	153	0.9733093033563389	0.9733093033563389
155	150	3.8169828398880701	3.8169828398880701
155	151	2.4218269962984551	2.4218269962984551
155	153	1.4832727328445023	1.4832727328445023
155	154	2.1370608320775517	2.1370608320775517
156	151	2.9020239789267053	3.2469050348131705
156	153	2.4582908696897530	2.4582908696897530
156	155	1.5285365550093990	1.5285365550093990
157	149	4.7236082178908125	5.0000000000000000
157	152	4.3348954366927908	4.8348954366927908
157	153	2.1059499044374221	2.1059499044374221
157	154	2.6422377196354803	3.1422377196354803
157	155	1.0803568854781249	1.0803568854781249
157	156	2.1459531681749238	2.1459531681749238
158	153	2.6331108046526888	2.7795930845247496
158	155	2.4230621122868476	2.4230621122868476
158	156	1.3034868622276206	1.3034868622276206
159	144	4.2870251395222860	4.7870251395222860
159	149	2.5305157940132621	3.0305157940132621
159	152	4.4660281369354218	4.9660281369354218
159	154	2.2104308767022793	2.7104308767022793
159	155	2.5473268341537949	2.5473268341537949
159	156	1.9831444728007097	1.9831444728007097
159	157	3.2361413779396844	3.7361413779396844
159	158	0.9797724225553578	0.9797724225553578
160	155	3.8187610556304774	3.8187610556304774
160	156	2.4209006588457944	2.4209006588457944
160	158	1.4898597249405743	1.4898597249405743
160	159	2.1547914052176846	2.1547914052176846
161	156	2.8091716539284373	3.1369732306587150
161	158	2.4577689069560651	2.4577689069560651
161	160	1.5248180219291720	1.5248180219291720
162	157	4.5635442846206127	5.0000000000000000
162	158	2.1089926505324765	2.1089926505324765
162	159	2.6235911376454863	3.1235911376454863
162	160	1.0794090976085018	1.0794090976085018
162	161	2.1440387123370686	2.1440387123370686
163	158	2.6791832730409828	2.9696651964568206
163	160	2.4077603701365273	2.4077603701365273
163	161	1.3004752977277190	1.3004752977277190
164	142	4.1779905689806291	4.6779905689806291
164	144	2.5906873242690822	3.0906873242690822
164	149	3.0202409815596623	3.5202409815596623
164	152	4.3141776160117349	4.8141776160117349
164	154	4.0838963987986210	4.5838963987986210
164	157	4.1781566441116231	4.6781566441116231
164	159	2.5587174639541299	3.0587174639541299
164	160	2.5221566168658094	2.5221566168658094
164	161	1.9789224340534426	1.9789224340534426
164	162	3.2471079987055194	3.7471079987055194
164	163	0.9815283999966596	0.9815283999966596
165	160	3.8093440380201939	3.8093440380201939
165	161	2.4217080748925968	2.4217080748925968
165	163	1.4915528820662070	1.4915528820662070
165	164	2.1592716364552236	2.1592716364552236
166	161	2.7552130412159688	3.0455765194881423
166	163	2.4713743140204403	2.4713743140204403
166	165	1.5321360905611467	1.5321360905611467
167	142	3.4530213333209101	3.9530213333209101
167	144	3.7847096418604691	4.2847096418604691
167	162	4.7125904068570090	5.0000000000000000
167	163	2.1122703425461431	2.1122703425461431
167	164	2.5731126371523638	3.0731126371523638
167	165	1.0805294998286716	1.0805294998286716
167	166	2.1501230197363128	2.1501230197363128
168	163	2.6512526606255773	2.7946781541798633
168	165	2.4320045230221092	2.4320045230221092
168	166	1.3072180384312329	1.3072180384312329
169	157	3.1578591752193574	3.6578591752193574
169	159	3.7360721609298664	4.2360721609298668
169	162	3.6374398410434390	4.1374398410434390
169	164	2.4956714988237367	2.9956714988237367
169	165	2.5588141784818998	2.5588141784818998
169	166	1.9870025163547218	1.9870025163547218
169	167	3.1996577088363796	3.6996577088363796
169	168	0.9794079844477463	0.9794079844477463
170	165	3.8291761516023244	3.8291761516023244
170	166	2.4265541411639671	2.4265541411639671
170	168	1.4922245139388373	1.4922245139388373
170	169	2.1555078287958018	2.1555078287958018
171	166	2.9016387394894161	3.2450473221937792
171	168	2.4684549823725770	2.4684549823725770
171	170	1.5253091489924264	1.5253091489924264
172	167	4.5524131814113282	5.0000000000000000
172	168	2.1127183910781877	2.1127183910781877
172	169	2.6862808264017506	3.1862808264017506
172	170	1.0784623312846882	1.0784623312846882
172	171	2.1501704583590588	2.1501704583590588
173	168	2.8154519320716291	3.1579310253776542
173	170	2.4110997490771715	2.4110997490771715
173	171	1.3016351255248135	1.3016351255248135
174	157	4.3859883870119685	4.8859883870119685
174	162	3.4509930247901783	3.9509930247901783
174	169	2.6578878817200771	3.1578878817200771
174	170	2.5272443490885501	2.5272443490885501
174	171	1.9804857989897346	1.9804857989897346
174	172	3.4520191796528259	3.9520191796528259
174	173	0.9818951064141247	0.9818951064141247
175	170	3.8132435012729000	3.8132435012729000
175	171	2.4252063829703241	2.4252063829703241
175	173	1.4911264198584913	1.4911264198584913
175	174	2.1564846394073864	2.1564846394073864
176	171	2.7485742121076782	3.0275746924317462
176	173	2.4717665747396134	2.4717665747396134
176	175	1.5317068910206033	1.5317068910206033
177	172	4.6447517042621680	5.0000000000000000
177	173	2.1110213168037881	2.1110213168037881
177	174	2.4919652706531537	2.9919652706531537
177	175	1.0798189663087046	1.0798189663087046
177	176	2.1468164802795795	2.1468164802795795
178	173	2.6495770692322447	2.8352662392267196
178	175	2.4254139852816885	2.4254139852816885
178	176	1.3045432150756828	1.3045432150756828
179	162	3.8688445092151227	4.3688445092151227
179	164	4.5978573991608087	5.0000000000000000
179	167	3.7047499885499797	4.2047499885499793
179	169	3.1847819363653427	3.6847819363653427
179	172	3.6263490753469996	4.1263490753469991
179	174	2.4869638247366002	2.9869638247366002
179	175	2.5540671486865807	2.5540671486865807
179	176	1.9827175794852880	1.9827175794852880
179	177	3.2549482288730207	3.7549482288730207
179	178	0.9720504102154374	0.9720504102154374
180	175	3.8116706311012756	3.8116706311012756
180	176	2.4170302025419530	2.4170302025419530
180	178	1.4736464976377468	1.4736464976377468
180	179	2.1202514001881942	2.1202514001881942
181	176	3.1340768814728150	3.4646974185886190
181	178	2.4591870607987509	2.4591870607987509
181	180	1.5330971919614258	1.5330971919614258
182	177	4.4131882429149014	4.9131882429149014
182	178	2.1021831509171607	2.1021831509171607
182	179	2.7540366138394798	3.2540366138394798
182	180	1.0774738975956666	1.0774738975956666
182	181	2.1536417993714720	2.1536417993714720
183	178	2.6533849904852933	2.8543500927834127
183	180	2.4288791653764932	2.4288791653764932
183	181	1.3040218556450651	1.3040218556450651
184	172	4.1486094324082394	4.6486094324082394
184	174	4.4075875056184488	4.9075875056184488
184	177	3.1639819672314484	3.6639819672314484
184	179	2.7939238935621700	3.2939238935621700
184	180	2.5538727454593384	2.5538727454593384
184	181	1.9832390173652799	1.9832390173652799
184	182	2.7694654807827477	3.2694654807827477
184	183	0.9782770568709036	0.9782770568709036
185	180	3.8234955211167758	3.8234955211167758
185	181	2.4201167327217945	2.4201167327217945
185	183	1.4895113292620541	1.4895113292620541
185	184	2.1531730074473816	2.1531730074473816
186	181	3.5740224085918224	3.6916313807457173
186	183	2.4640700071223653	2.4640700071223653
186	185	1.5291935783281332	1.5291935783281332
187	182	4.0617581036045483	4.5617581036045483
187	183	2.1151758792119399	2.1151758792119399
187	184	2.6706237857800295	3.1706237857800295
187	185	1.0886601857329028	1.0886601857329028
187	186	2.1521974816452141	2.1521974816452141
188	183	2.7065737259769524	2.9940324622763295
188	185	2.4257052582702627	2.4257052582702627
188	186	1.3052827279942074	1.3052827279942074
189	177	4.5774737400181289	5.0000000000000000
189	182	3.8560124302025116	4.3560124302025116
189	184	2.1552883177572877	2.6552883177572877
189	185	2.5509788317428281	2.5509788317428281
189	186	1.9853357398687017	1.9853357398687017
189	187	2.5186689760413170	3.0186689760413170
189	188	0.9801596808683792	0.9801596808683792
190	185	3.8210222454207181	3.8210222454207181
190	186	2.4227220228495043	2.4227220228495043
190	188	1.4893424723682571	1.4893424723682571
190	189	2.1537228233920893	2.1537228233920893
191	186	3.5424454954638582	3.6911476588383860
191	188	2.4668301522399130	2.4668301522399130
191	190	1.5297522675256929	1.5297522675256929
192	184	4.3329502367981405	4.8329502367981405
192	187	4.0103350432131712	4.5103350432131712
192	188	2.1119812972656740	2.1119812972656740
192	189	2.6227536923863939	3.1227536923863939
192	190	1.0809005504670672	1.0809005504670672
192	191	2.1481373326675386	2.1481373326675386
193	188	2.8817746973149836	3.2306650835248427
193	190	2.4267676032121392	2.4267676032121392
193	191	1.3057331274039097	1.3057331274039097
194	177	4.1749785952923100	4.6749785952923100
194	184	4.0411088269675739	4.5411088269675739
194	189	2.4149901509991283	2.9149901509991283
194	190	2.5523984798616342	2.5523984798616342
194	191	1.9860427991360057	1.9860427991360057
194	192	3.3220778857537678	3.8220778857537678
194	193	0.9803453473138912	0.9803453473138912
195	190	3.8231492254422923	3.8231492254422923
195	191	2.4241720235989859	2.4241720235989859
195	193	1.4905036061680643	1.4905036061680643
195	194	2.1547473169724549	2.1547473169724549
196	191	3.1922171972524089	3.5121150823419036
196	193	2.4684734148862129	2.4684734148862129
196	195	1.5312818159959967	1.5312818159959967
197	189	4.1100149056634052	4.6100149056634052
197	192	4.2795128814922352	4.7795128814922352
197	193	2.1119829544766691	2.1119829544766691
197	194	2.8843060738206283	3.3843060738206283
197	195	1.0791575417889643	1.0791575417889643
197	196	2.1477125040377261	2.1477125040377261
198	193	2.6536257886789651	2.8469707188224995
198	195	2.4296141668997540	2.4296141668997540
198	196	1.3055761180413774	1.3055761180413774
199	177	4.5720432355693044	5.0000000000000000
199	182	4.0015728169913309	4.5015728169913309
199	184	4.0397813429302580	4.5397813429302580
199	189	2.8516064721917962	3.3516064721917962
199	194	1.8049929494979060	2.3049929494979060
199	195	2.5560230828378652	2.5560230828378652
199	196	1.9854082703565001	1.9854082703565001
199	197	3.2363825956233794	3.7363825956233794
199	198	0.9794176841368546	0.9794176841368546
200	195	3.8252971126436663	3.8252971126436663
200	196	2.4234351652148609	2.4234351652148609
200	198	1.4906887669798810	1.4906887669798810
200	199	2.1545342884252272	2.1545342884252272
201	196	3.3582561492810861	3.6187828927892736
201	198	2.4677769348140042	2.4677769348140042
201	200	1.5306188291014844	1.5306188291014844
202	194	4.5208409839712029	5.0000000000000000
202	197	4.3298244391448959	4.8298244391448959
202	198	2.1127475002943443	2.1127475002943443
202	199	2.8318018365276929	3.3318018365276929
202	200	1.0811711242906918	1.0811711242906918
202	201	2.1482879229749443	2.1482879229749443
