   0.0000000e+00
  -1.5394358e+00
  -2.6511679e+00
  -5.1568350e-01
  -2.3430999e+00
   1.0629304e+00
  -2.0604787e+00
  -2.7338861e+00
  -2.0123686e+00
  -1.1057442e+00
   1.3130267e+00
  -1.6665391e+00
  -2.4619426e+00
  -7.9684329e-01
  -9.5323655e-01
  -9.6592180e-01
  -1.3641832e+00
  -8.2927110e-01
  -5.7045442e-01
  -1.1148906e+00
  -7.0238315e-01
  -8.7580220e-01
  -1.5250572e+00
  -1.7212304e+00
   2.0546407e+00
   2.9332111e+00
  -2.2121475e+00
  -1.8541116e+00
  -2.1699584e+00
  -2.3430681e+00
  -1.2717734e+00
  -1.0687113e+00
  -8.6130492e-01
  -1.2526496e+00
  -8.1476292e-01
  -1.7373427e+00
  -2.7483339e+00
  -2.6376474e+00
  -1.8498139e+00
  -2.1895770e+00
