   2.3393566e+00
   3.0338635e+00
   5.8692277e-01
  -6.7551011e-01
  -2.6103537e+00
   3.4748951e-01
   1.8050386e+00
  -2.5447718e+00
  -1.1575354e+00
  -1.8442389e+00
   1.1546912e-01
  -1.7802352e-01
  -8.2567305e-01
  -7.4412308e-01
  -8.4196503e-01
  -3.6997909e-01
  -9.2926099e-01
  -1.4135551e+00
  -6.6418322e-01
  -1.0255364e+00
  -9.9820579e-01
  -9.1262661e-01
   1.7615526e-01
  -1.3309919e+00
  -8.3141587e-01
   8.3907988e-01
  -2.4821075e+00
   2.7354974e+00
  -1.5659751e+00
  -1.5876368e+00
  -3.6619459e-01
  -8.2380641e-01
  -3.5857903e-01
  -1.1601220e+00
  -4.7526674e-01
   5.2872903e-01
   8.2757132e-01
  -1.2836748e+00
  -4.9885312e-01
   0.0000000e+00
