   8.7640000e+00   5.1310000e+00  -8.9150000e+00
   8.8130000e+00   6.3560000e+00  -7.7430000e+00
   8.2940000e+00   4.7950000e+00  -7.3180000e+00
   8.9500000e+00   5.3400000e+00  -7.9140000e+00
   1.0353000e+01   4.9640000e+00  -7.5800000e+00
   1.0942000e+01   4.9310000e+00  -8.4840000e+00
   1.0366000e+01   3.5880000e+00  -6.9120000e+00
   1.1270000e+01   2.7350000e+00  -7.3080000e+00
   1.1907000e+01   2.9840000e+00  -8.0080000e+00
   1.1333000e+01   1.3790000e+00  -6.7010000e+00
   1.1940000e+01   1.4720000e+00  -5.3000000e+00
   1.0338000e+01   9.6400000e-01  -6.6380000e+00
   1.1935000e+01   3.9000000e-01  -4.5710000e+00
   1.1552000e+01  -4.3900000e-01  -4.9280000e+00
   1.2511000e+01   4.1200000e-01  -3.1980000e+00
   1.3054000e+01  -9.7600000e-01  -2.8530000e+00
   1.3311000e+01   1.1350000e+00  -3.1530000e+00
   1.3451000e+01  -1.7260000e+00  -3.8440000e+00
   1.3390000e+01  -1.3910000e+00  -4.7610000e+00
   1.3987000e+01  -3.0950000e+00  -3.5860000e+00
   1.4884000e+01  -3.0780000e+00  -2.3470000e+00
   1.3164000e+01  -3.7750000e+00  -3.4200000e+00
   1.5747000e+01  -2.1060000e+00  -2.2390000e+00
   1.5806000e+01  -1.4210000e+00  -2.9350000e+00
   1.6645000e+01  -2.0390000e+00  -1.0570000e+00
   1.6650000e+01  -6.1100000e-01  -5.0700000e-01
   1.6288000e+01  -2.7140000e+00  -2.9400000e-01
   1.7770000e+01  -1.5500000e-01  -2.4000000e-02
   1.8566000e+01  -7.2000000e-01  -2.3000000e-02
   1.7835000e+01   1.2270000e+00   5.2900000e-01
   1.6997000e+01   1.3000000e+00   1.8050000e+00
   1.8859000e+01   1.4750000e+00   7.5700000e-01
   1.6764000e+01   1.8000000e-01   2.4300000e+00
   1.7120000e+01  -6.5900000e-01   2.0760000e+00
   1.5955000e+01   1.7000000e-01   3.6750000e+00
   1.6786000e+01  -4.2000000e-01   4.8180000e+00
   1.5657000e+01   1.1780000e+00   3.9240000e+00
   1.7229000e+01   4.0100000e-01   5.7290000e+00
   1.7029000e+01   1.3560000e+00   5.6700000e+00
   1.8041000e+01  -1.1300000e-01   6.8630000e+00
   1.7924000e+01   8.5800000e-01   8.0390000e+00
   1.7677000e+01  -1.0850000e+00   7.1590000e+00
   1.8976000e+01   1.0270000e+00   8.7850000e+00
   1.9798000e+01   5.4200000e-01   8.5810000e+00
   1.8930000e+01   1.9630000e+00   9.9430000e+00
   2.0039000e+01   3.0040000e+00   9.7910000e+00
   1.7969000e+01   2.4570000e+00   9.9690000e+00
   2.1263000e+01   2.5640000e+00   9.6960000e+00
   2.1440000e+01   1.6010000e+00   9.7250000e+00
   2.2391000e+01   3.5220000e+00   9.5380000e+00
   2.2207000e+01   4.2910000e+00   8.2190000e+00
   2.2383000e+01   4.2210000e+00   1.0362000e+01
   2.2969000e+01   3.9790000e+00   7.2000000e+00
   2.3637000e+01   3.2750000e+00   7.2840000e+00
   2.2805000e+01   4.6830000e+00   5.8940000e+00
   2.3456000e+01   6.0670000e+00   5.9390000e+00
   2.3276000e+01   4.0980000e+00   5.1240000e+00
   2.4163000e+01   6.3790000e+00   6.9880000e+00
   2.4268000e+01   5.7450000e+00   7.7220000e+00
   2.4811000e+01   7.7040000e+00   7.0800000e+00
   2.6269000e+01   7.5950000e+00   6.6150000e+00
   2.4288000e+01   8.4120000e+00   6.4610000e+00
   2.6804000e+01   6.4070000e+00   6.5720000e+00
   2.6277000e+01   5.6230000e+00   6.8340000e+00
   2.8218000e+01   6.2430000e+00   6.1280000e+00
   2.8343000e+01   4.9770000e+00   5.2790000e+00
   2.8514000e+01   7.1000000e+00   5.5420000e+00
   2.7824000e+01   3.8820000e+00   5.7590000e+00
   2.7377000e+01   3.8930000e+00   6.6310000e+00
   2.7912000e+01   2.6130000e+00   4.9860000e+00
   2.7507000e+01   2.8660000e+00   3.5320000e+00
   2.8926000e+01   2.2410000e+00   5.0170000e+00
   2.6628000e+01   3.8020000e+00   3.3050000e+00
   2.6252000e+01   4.3130000e+00   4.0520000e+00
   2.6191000e+01   4.0920000e+00   1.9100000e+00
   2.7365000e+01   4.6580000e+00   1.1110000e+00
   2.5848000e+01   3.1810000e+00   1.4450000e+00
   2.8009000e+01   5.6730000e+00   1.6170000e+00
   2.7737000e+01   6.0470000e+00   2.4810000e+00
   2.9160000e+01   6.2570000e+00   8.7700000e-01
   3.0137000e+01   5.1410000e+00   5.0600000e-01
   2.8803000e+01   6.7340000e+00  -2.3000000e-02
   3.0112000e+01   4.0550000e+00   1.2310000e+00
   2.9483000e+01   3.9790000e+00   1.9770000e+00
   3.1032000e+01   2.9260000e+00   9.0800000e-01
   3.0457000e+01   2.1800000e+00  -2.7500000e-01
   3.2011000e+01   3.3110000e+00   6.7700000e-01
   2.9269000e+01   1.6720000e+00  -1.1400000e-01
   2.8790000e+01   1.7870000e+00   7.3200000e-01
   2.8605000e+01   9.6100000e-01  -1.2100000e+00
   2.8675000e+01   1.8420000e+00  -2.4320000e+00
   2.9077000e+01   4.0000000e-03  -1.4000000e+00
   2.7851000e+01   2.8470000e+00  -2.4450000e+00
   2.7243000e+01   2.9590000e+00  -1.6770000e+00
   2.7818000e+01   3.8190000e+00  -3.5930000e+00
   2.9194000e+01   3.8630000e+00  -4.2690000e+00
   2.7075000e+01   3.5020000e+00  -4.3130000e+00
   3.0242000e+01   3.8730000e+00  -3.4860000e+00
   3.0124000e+01   3.8530000e+00  -2.5140000e+00
   3.1613000e+01   3.8630000e+00  -4.0680000e+00
   3.1769000e+01   2.5520000e+00  -4.8480000e+00
   3.1744000e+01   4.7070000e+00  -4.7300000e+00
   3.1682000e+01   1.4530000e+00  -4.1520000e+00
   3.1528000e+01   1.5090000e+00  -3.1920000e+00
   3.1775000e+01   1.1400000e-01  -4.7930000e+00
   3.0954000e+01   1.0300000e-01  -6.0850000e+00
   3.2805000e+01  -1.3000000e-01  -5.0020000e+00
   2.9747000e+01   5.9000000e-01  -6.0170000e+00
   2.9417000e+01   9.3100000e-01  -5.1690000e+00
   2.8862000e+01   6.1400000e-01  -7.2110000e+00
   2.9547000e+01   1.3690000e+00  -8.3550000e+00
   2.8646000e+01  -3.9500000e-01  -7.5140000e+00
   3.0102000e+01   2.5190000e+00  -8.0740000e+00
   3.0070000e+01   2.8660000e+00  -7.1590000e+00
   3.0778000e+01   3.3080000e+00  -9.1450000e+00
   3.2267000e+01   2.9900000e+00  -9.1540000e+00
   3.0356000e+01   3.0470000e+00  -1.0097000e+01
   3.2632000e+01   1.9410000e+00  -8.4960000e+00
   3.1971000e+01   1.4100000e+00  -8.0320000e+00
   3.4041000e+01   1.5330000e+00  -8.4320000e+00
   3.4324000e+01   5.3600000e-01  -9.5630000e+00
   3.4688000e+01   2.3870000e+00  -8.5270000e+00
   3.3935000e+01  -6.9800000e-01  -9.3890000e+00
   3.3481000e+01  -9.5600000e-01  -8.5600000e+00
   3.4181000e+01  -1.7140000e+00  -1.0451000e+01
   3.4982000e+01  -2.8780000e+00  -9.8670000e+00
   3.3234000e+01  -2.0770000e+00  -1.0826000e+01
   3.6031000e+01  -2.5860000e+00  -9.1470000e+00
   3.6279000e+01  -1.6500000e+00  -8.9990000e+00
   3.6850000e+01  -3.6770000e+00  -8.5480000e+00
   3.8197000e+01  -3.1160000e+00  -8.0890000e+00
   3.6327000e+01  -4.0940000e+00  -7.7000000e+00
   3.8180000e+01  -2.0570000e+00  -7.3280000e+00
   3.7325000e+01  -1.6510000e+00  -7.0720000e+00
   3.9456000e+01  -1.4640000e+00  -6.8430000e+00
   3.9405000e+01  -1.3430000e+00  -5.3150000e+00
   4.0280000e+01  -2.1040000e+00  -7.1250000e+00
   3.9881000e+01  -2.5700000e-01  -4.7650000e+00
   4.0258000e+01   4.5300000e-01  -5.3230000e+00
   3.9849000e+01  -1.0000000e-01  -3.2840000e+00
   3.8722000e+01   8.6000000e-01  -2.8960000e+00
   3.9677000e+01  -1.0610000e+00  -2.8230000e+00
   3.8296000e+01   8.2500000e-01  -1.6620000e+00
   3.8696000e+01   2.0000000e-01  -1.0220000e+00
   3.7200000e+01   1.7350000e+00  -1.2280000e+00
   3.7658000e+01   2.5410000e+00  -1.2000000e-02
   3.6952000e+01   2.4080000e+00  -2.0360000e+00
   3.7409000e+01   2.0420000e+00   1.1670000e+00
   3.6945000e+01   1.1860000e+00   1.2490000e+00
   3.7823000e+01   2.7760000e+00   2.3910000e+00
   3.8507000e+01   1.8120000e+00   3.3630000e+00
   3.8505000e+01   3.5710000e+00   2.1260000e+00
   3.7743000e+01   1.1660000e+00   4.2010000e+00
   3.6780000e+01   1.3070000e+00   4.1920000e+00
   3.8332000e+01   2.1700000e-01   5.1770000e+00
   3.8654000e+01  -1.1010000e+00   4.4730000e+00
   3.9239000e+01   6.3800000e-01   5.5860000e+00
   3.7937000e+01  -1.4160000e+00   3.4310000e+00
   3.7225000e+01  -8.1500000e-01   3.1280000e+00
   3.8200000e+01  -2.6890000e+00   2.7030000e+00
   3.9637000e+01  -2.6880000e+00   2.1930000e+00
   3.8054000e+01  -3.5210000e+00   3.3750000e+00
   4.0043000e+01  -1.6080000e+00   1.5930000e+00
   3.9428000e+01  -8.5000000e-01   1.4900000e+00
   4.1435000e+01  -1.5230000e+00   1.0640000e+00
   4.2430000e+01  -1.8770000e+00   2.1740000e+00
   4.1549000e+01  -2.2150000e+00   2.4200000e-01
   4.2049000e+01  -1.6940000e+00   3.4110000e+00
   4.1155000e+01  -1.3420000e+00   3.6010000e+00
   4.2976000e+01  -2.0200000e+00   4.5340000e+00
   4.2970000e+01  -3.5240000e+00   4.7880000e+00
   4.3972000e+01  -1.6890000e+00   4.2860000e+00
   4.1872000e+01  -4.0350000e+00   5.2650000e+00
   4.1102000e+01  -3.4520000e+00   5.4420000e+00
   4.1781000e+01  -5.4960000e+00   5.5490000e+00
   4.2250000e+01  -6.2900000e+00   4.3260000e+00
   4.2409000e+01  -5.7360000e+00   6.3940000e+00
   4.2232000e+01  -5.6800000e+00   3.1730000e+00
   4.1928000e+01  -4.7590000e+00   3.1080000e+00
   4.2657000e+01  -6.3750000e+00   1.9450000e+00
   4.4168000e+01  -6.2040000e+00   1.7500000e+00
   4.2411000e+01  -7.4220000e+00   2.0100000e+00
   4.4900000e+01  -6.0490000e+00   2.8180000e+00
   4.4481000e+01  -6.0460000e+00   3.7020000e+00
   4.6374000e+01  -5.8770000e+00   2.6900000e+00
   4.7051000e+01  -6.3070000e+00   3.9920000e+00
   4.6738000e+01  -6.4950000e+00   1.8710000e+00
   4.6664000e+01  -7.4320000e+00   4.5290000e+00
   4.5964000e+01  -7.9650000e+00   4.0970000e+00
   4.7285000e+01  -7.9060000e+00   5.7970000e+00
   4.7111000e+01  -9.4210000e+00   5.9180000e+00
   4.8338000e+01  -7.6620000e+00   5.7960000e+00
   4.5918000e+01  -9.8700000e+00   6.2010000e+00
   4.5176000e+01  -9.2420000e+00   6.3280000e+00
   4.5684000e+01  -1.1336000e+01   6.3340000e+00
   4.4882000e+01  -1.1838000e+01   5.1300000e+00
   4.6632000e+01  -1.1850000e+01   6.3750000e+00
   4.4024000e+01  -1.1016000e+01   4.5890000e+00
   4.3911000e+01  -1.0115000e+01   4.9560000e+00
   4.3212000e+01  -1.1451000e+01   3.4170000e+00
   4.3341000e+01  -1.0419000e+01   2.2940000e+00
   4.3569000e+01  -1.2410000e+01   3.0680000e+00
